abs_pos	ref(H3)	ref(H1)	ref(B73)	RBS	AS	GS	PS	OR_uMLE	wald_MLE_CI90L	wald_MLE_CI90R	wald_MLE_CI95L	wald_MLE_CI95R	p-value	ss_CI90L	ss_CI90R	ss_CI95L	ss_CI95R	q-value	Mutations(B73)	AC	CA	AA	CC	End-in-Adult	End-in-Child	Total
512	480	495	495					InF					0.726818	0.130608	Inf	0.091962	Inf	0.809723066087	R495K(CA:1)	0	1	0	0	1	0	1
3	-	4	-					0.709480	0.093878	5.361857	0.063733	7.897956	0.869987	0.119112	4.217506	0.091670	5.469100	0.905642309016	A-V(AC:1);A-T(AA:2)	1	0	2	0	2	1	3
4	-	5	-					1.068750	0.351777	3.247019	0.284350	4.016976	0.941786	0.368124	3.096634	0.305978	3.718143	0.972412773984	I-V(AC:1);V-I(AA:9,AC:2)	3	0	9	0	9	3	12
6	-	7	-					0.529141	0.116632	2.400637	0.087308	3.206919	0.594918	0.130269	2.145040	0.104033	2.685980	0.809723066087	I-V(AA:2,AC:2);V-I(AA:1)	2	0	3	0	3	2	5
519	487	502	502					1.067485	0.158423	7.192903	0.109942	10.364809	0.998383	0.194329	5.840482	0.150608	7.528429	0.9983831	N502D(AA:1,CC:1,CA:2)	0	2	1	1	3	1	4
521	489	504	504					InF					0.726818	0.130608	Inf	0.091962	Inf	0.809723066087	G504E(AA:1)	0	0	1	0	1	0	1
14	-	16	-					InF					0.471057	0.261871	Inf	0.183833	Inf	0.809723066087	N-D(AA:2)	0	0	2	0	2	0	2
529	498	513	512				1	InF					0.471057	0.261871	Inf	0.183833	Inf	0.809723066087	D512E(AA:2)	0	0	2	0	2	0	2
18	13	20	3					0.705882	0.217573	2.290128	0.173672	2.869031	0.733190	0.229672	2.167318	0.189568	2.620579	0.809723066087	I3V(AA:6,AC:3)	3	0	6	0	6	3	9
536	505	520	519					InF					0.726818	0.130608	Inf	0.091962	Inf	0.809723066087	T519A(CA:1)	0	1	0	0	1	0	1
537	506	521	520					InF					0.726818	0.130608	Inf	0.091962	Inf	0.809723066087	S520P(AA:1)	0	0	1	0	1	0	1
540	509	524	523					0.353659	0.034301	3.646380	0.021942	5.700249	0.552180	0.048181	2.595912	0.036566	3.420545	0.809723066087	D523N(AA:1,AC:1)	1	0	1	0	1	1	2
29	24	31	14					InF					0.726818	0.130608	Inf	0.091962	Inf	0.809723066087	H14Y(AA:1)	0	0	1	0	1	0	1
542	511	526	525					InF					0.726818	0.130608	Inf	0.091962	Inf	0.809723066087	G525E(AA:1)	0	0	1	0	1	0	1
31	26	33	16					0					0.113328	0.000000	0.962705	0.000000	1.368638	0.809723066087	V16I(AC:1)	1	0	0	0	0	1	1
544	-	-	527					InF					0.726818	0.130608	Inf	0.091962	Inf	0.809723066087	D527N(AA:1)	0	0	1	0	1	0	1
545	512	527	528			1		0.709480	0.093878	5.361857	0.063733	7.897956	0.869987	0.119112	4.217506	0.091670	5.469100	0.905642309016	D528N(CC:1);T528N(AA:1);N528D(CA:1)	0	1	1	1	2	1	3
34	29	36	19					InF					0.726818	0.130608	Inf	0.091962	Inf	0.809723066087	A19V(AA:1)	0	0	1	0	1	0	1
547	514	529	530			1		0.353659	0.034301	3.646380	0.021942	5.700249	0.552180	0.048181	2.595912	0.036566	3.420545	0.809723066087	T530I(AA:1,AC:1)	1	0	1	0	1	1	2
549	516	531	532					InF					0.726818	0.130608	Inf	0.091962	Inf	0.809723066087	L532M(AA:1)	0	0	1	0	1	0	1
44	39	46	29					InF					0.726818	0.130608	Inf	0.091962	Inf	0.809723066087	V29A(AA:1)	0	0	1	0	1	0	1
560	527	542	543					InF					0.726818	0.130608	Inf	0.091962	Inf	0.809723066087	A543T(AA:1)	0	0	1	0	1	0	1
49	44	51	34					0.353659	0.034301	3.646380	0.021942	5.700249	0.552180	0.048181	2.595912	0.036566	3.420545	0.809723066087	I34T(AC:1);T34I(AA:1)	1	0	1	0	1	1	2
562	529	544	545				1	InF					0.726818	0.130608	Inf	0.091962	Inf	0.809723066087	T545I(AA:1)	0	0	1	0	1	0	1
52	47	54	37					InF					0.471057	0.261871	Inf	0.183833	Inf	0.809723066087	T37A(AA:2)	0	0	2	0	2	0	2
53	48	55	38				1	InF					0.726818	0.130608	Inf	0.091962	Inf	0.809723066087	K38R(CA:1)	0	1	0	0	1	0	1
567	534	549	550					0					0.113328	0.000000	0.962705	0.000000	1.368638	0.809723066087	I550V(CC:1)	0	0	0	1	0	1	1
569	-	551	552					InF					0.726818	0.130608	Inf	0.091962	Inf	0.809723066087	I552V(AA:1)	0	0	1	0	1	0	1
570	536	552	553					InF					0.726818	0.130608	Inf	0.091962	Inf	0.809723066087	V553I(CA:1)	0	1	0	0	1	0	1
572	538	554	555					0.353659	0.034301	3.646380	0.021942	5.700249	0.552180	0.048181	2.595912	0.036566	3.420545	0.809723066087	T555M(CA:1);M555I(AC:1)	1	1	0	0	1	1	2
573	539	555	556					0.175305	0.023195	1.324915	0.015747	1.951602	0.131476	0.029490	1.044185	0.022741	1.356769	0.809723066087	V556I(AA:1,AC:2)	2	0	1	0	1	2	3
62	-	-	47					InF					0.471057	0.261871	Inf	0.183833	Inf	0.809723066087	T47A(CA:1);A47T(AA:1)	0	1	1	0	2	0	2
575	541	557	558					InF					0.370408	0.393724	Inf	0.276394	Inf	0.809723066087	K558R(AA:1);R558K(AA:2)	0	0	3	0	3	0	3
577	543	559	560			1		0.353659	0.034301	3.646380	0.021942	5.700249	0.552180	0.048181	2.595912	0.036566	3.420545	0.809723066087	N560S(AC:1);H560N(AA:1)	1	0	1	0	1	1	2
578	544	560	561			1		InF					0.726818	0.130608	Inf	0.091962	Inf	0.809723066087	V561I(AA:1)	0	0	1	0	1	0	1
73	62	70	58		120loop			0.709480	0.093878	5.361857	0.063733	7.897956	0.869987	0.119112	4.217506	0.091670	5.469100	0.905642309016	L58I(AA:1,AC:1);L58F(AA:1)	1	0	2	0	2	1	3
86	75	83	71					InF					0.726818	0.130608	Inf	0.091962	Inf	0.809723066087	M71T(CA:1)	0	1	0	0	1	0	1
88	77	85	73		120loop			InF					0.726818	0.130608	Inf	0.091962	Inf	0.809723066087	V73M(AA:1)	0	0	1	0	1	0	1
90	79	87	75		120loop			InF					0.370408	0.393724	Inf	0.276394	Inf	0.809723066087	T75I(AA:2);T75A(AA:1)	0	0	3	0	3	0	3
95	83	92	80					InF					0.726818	0.130608	Inf	0.091962	Inf	0.809723066087	K80E(CA:1)	0	1	0	0	1	0	1
100	88	97	85					InF					0.726818	0.130608	Inf	0.091962	Inf	0.809723066087	H85Y(AA:1)	0	0	1	0	1	0	1
102	90	99	87					0.705882	0.217573	2.290128	0.173672	2.869031	0.733190	0.229672	2.167318	0.189568	2.620579	0.809723066087	V87A(AA:1,AC:3);V87I(AA:3,CA:2)	3	2	4	0	6	3	9
103	91	100	88					1.067485	0.158423	7.192903	0.109942	10.364809	0.998383	0.194329	5.840482	0.150608	7.528429	0.9983831	R88K(AA:1,CC:1,CA:1);K88R(AA:1)	0	1	2	1	3	1	4
105	93	102	90					InF					0.726818	0.130608	Inf	0.091962	Inf	0.809723066087	V90A(AA:1)	0	0	1	0	1	0	1
127	113	126	112					InF					0.471057	0.261871	Inf	0.183833	Inf	0.809723066087	R112K(AA:1);K112R(AA:1)	0	0	2	0	2	0	2
131	117	130	116					InF					0.471057	0.261871	Inf	0.183833	Inf	0.809723066087	K116R(AA:2)	0	0	2	0	2	0	2
136	122	135	121		120loop			0.351682	0.067228	1.839716	0.048972	2.525545	0.303169	0.077488	1.596117	0.061206	2.020724	0.809723066087	T121A(AA:1,AC:1);T121I(AA:1);T121N(AC:1)	2	0	2	0	2	2	4
138	-	-	123		120loop			0.353659	0.034301	3.646380	0.021942	5.700249	0.552180	0.048181	2.595912	0.036566	3.420545	0.809723066087	N123K(AA:1,AC:1)	1	0	1	0	1	1	2
140	-	-	125					0					0.113328	0.000000	0.962705	0.000000	1.368638	0.809723066087	I125L(CC:1)	0	0	0	1	0	1	1
141	-	-	126					0					0.113328	0.000000	0.962705	0.000000	1.368638	0.809723066087	D126N(AC:1)	1	0	0	0	0	1	1
144	125	138	129		120loop			InF					0.726818	0.130608	Inf	0.091962	Inf	0.809723066087	K129R(CA:1)	0	1	0	0	1	0	1
151	133	146	136	1			1	InF					0.726818	0.130608	Inf	0.091962	Inf	0.809723066087	R136K(AA:1)	0	0	1	0	1	0	1
152	-	147	137	1	120loop			InF					0.726818	0.130608	Inf	0.091962	Inf	0.809723066087	L137I(AA:1)	0	0	1	0	1	0	1
156	137	151	141	1	150loop		1	InF					0.726818	0.130608	Inf	0.091962	Inf	0.809723066087	G141R(AA:1)	0	0	1	0	1	0	1
161	141	155	146		150loop	1		0.614130	0.215633	1.749064	0.176472	2.137206	0.471210	0.223935	1.682543	0.187812	2.004147	0.809723066087	A146T(AA:4,CC:2,AC:1,CA:1);D146A(AA:2,AC:1)	2	1	6	2	7	4	11
163	162.2	162.2	162.2		162-163insertion			InF					0.370408	0.393724	Inf	0.276394	Inf	0.809723066087	S162.2N(AA:3)	0	0	3	0	3	0	3
165	145	159	150		150loop		1	InF					0.263398	0.526633	Inf	0.369696	Inf	0.809723066087	I150V(AA:1,CA:1);T150I(AA:1);I150T(AA:1)	0	1	3	0	4	0	4
169	149	163	154					0					0.113328	0.000000	0.962705	0.000000	1.368638	0.809723066087	V154A(CC:1)	0	0	0	1	0	1	1
174	154	168	159					InF					0.471057	0.261871	Inf	0.183833	Inf	0.809723066087	A159V(CA:1);V159A(AA:1)	0	1	1	0	2	0	2
178	-	-	-					InF					0.471057	0.261871	Inf	0.183833	Inf	0.809723066087	D-E(AA:1);D-G(AA:1)	0	0	2	0	2	0	2
180	158	172	163		160loop		1	InF					0.726818	0.130608	Inf	0.091962	Inf	0.809723066087	H163Y(CA:1)	0	1	0	0	1	0	1
30	25	32	15					InF					0.726818	0.130608	Inf	0.091962	Inf	0.809723066087	V15L(CA:1)	0	1	0	0	1	0	1
185	161	175	168		160loop			InF					0.726818	0.130608	Inf	0.091962	Inf	0.809723066087	N168K(CA:1)	0	1	0	0	1	0	1
186	162	176	169		160loop			InF					0.471057	0.261871	Inf	0.183833	Inf	0.809723066087	P169L(AA:1);L169P(AA:1)	0	0	2	0	2	0	2
187	-	-	170		160loop			InF					0.726818	0.130608	Inf	0.091962	Inf	0.809723066087	Q170R(AA:1)	0	0	1	0	1	0	1
191	166	180	174					InF					0.370408	0.393724	Inf	0.276394	Inf	0.809723066087	V174I(AA:3)	0	0	3	0	3	0	3
193	168	182	176					InF					0.726818	0.130608	Inf	0.091962	Inf	0.809723066087	H176Y(AA:1)	0	0	1	0	1	0	1
196	171	185	179		120loop			InF					0.370408	0.393724	Inf	0.276394	Inf	0.809723066087	T179A(AA:2);A179E(AA:1)	0	0	3	0	3	0	3
197	172	186	180		120loop			InF					0.726818	0.130608	Inf	0.091962	Inf	0.809723066087	E180K(AA:1)	0	0	1	0	1	0	1
198	173	187	181		120loop			InF					0.370408	0.393724	Inf	0.276394	Inf	0.809723066087	G181E(AA:2);R181G(AA:1)	0	0	3	0	3	0	3
211	187	201	194	1	190helix	1	1	0					0.001334	0.000000	0.234734	0.000000	0.334379	0.169400728	N194K(CC:1,AC:1);N194D(CC:1,AC:1)	2	0	0	2	0	4	4
213	189	203	196	1	190helix	1		1.433022	0.385609	5.325478	0.299901	6.847433	0.733214	0.415217	4.930919	0.337615	6.052207	0.809723066087	T196I(AA:2,AC:2);T196A(AA:2);I196T(AA:4)	2	0	8	0	8	2	10
217	193	207	200	1	190helix		1	0.709480	0.093878	5.361857	0.063733	7.897956	0.869987	0.119112	4.217506	0.091670	5.469100	0.905642309016	N200S(AA:1,AC:1);N200T(AA:1)	1	0	2	0	2	1	3
223	199	213	206					InF					0.726818	0.130608	Inf	0.091962	Inf	0.809723066087	N206S(CA:1)	0	1	0	0	1	0	1
226	201	215	209					2.154799	0.361315	12.850725	0.256674	18.089711	0.561585	0.428762	10.775236	0.334965	13.764986	0.809723066087	R209K(AA:3,AC:1);K209R(AA:3)	1	0	6	0	6	1	7
231	206	220	214					InF					0.471057	0.261871	Inf	0.183833	Inf	0.809723066087	A214V(AA:2)	0	0	2	0	2	0	2
232	207	221	215					1.427692	0.224992	9.059471	0.157944	12.905267	0.786472	0.271317	7.475190	0.211117	9.597135	0.861050912931	N215D(AA:2);N215S(AA:1,CA:1);S215N(AC:1)	1	1	3	0	4	1	5
234	209	223	217					1.438486	0.490004	4.222907	0.398693	5.190058	0.726819	0.510559	4.044800	0.426493	4.832399	0.809723066087	V217A(CC:1,AA:1);V217I(AA:2);I217V(AA:9,AC:2)	2	0	12	1	12	3	15
236	211	225	219					InF					0.726818	0.130608	Inf	0.091962	Inf	0.809723066087	T219A(CA:1)	0	1	0	0	1	0	1
244	219	233	227					InF					0.263398	0.526633	Inf	0.369696	Inf	0.809723066087	D227N(AA:1);G227S(AA:2,CA:1)	0	1	3	0	4	0	4
247	222	236	230			1	1	0.232416	0.051225	1.054500	0.038346	1.408683	0.086973	0.057275	0.944056	0.045786	1.182130	0.809723066087	D230V(CC:1);D230N(AA:1,CC:1,CA:1);D230G(CC:1)	0	1	1	3	2	3	5
248	223	237	231					InF					0.726818	0.130608	Inf	0.091962	Inf	0.809723066087	Q231R(AA:1)	0	0	1	0	1	0	1
249	224	238	232					1.068111	0.275527	4.140660	0.212560	5.367253	0.955536	0.298547	3.809943	0.241781	4.695055	0.978653908871	K232T(AA:3,AC:1);T232I(AA:2);T232K(CC:1,CA:1)	1	1	5	1	6	2	8
252	-	-	235		190helix			InF					0.726818	0.130608	Inf	0.091962	Inf	0.809723066087	G235R(AA:1)	0	0	1	0	1	0	1
253	-	-	236		190helix			InF					0.726818	0.130608	Inf	0.091962	Inf	0.809723066087	G236R(AA:1)	0	0	1	0	1	0	1
255	225	239	238	1	190helix		1	InF					0.726818	0.130608	Inf	0.091962	Inf	0.809723066087	P238S(CA:1)	0	1	0	0	1	0	1
262	232	246	245					InF					0.726818	0.130608	Inf	0.091962	Inf	0.809723066087	V245I(AA:1)	0	0	1	0	1	0	1
266	236	250	249					1.067485	0.158423	7.192903	0.109942	10.364809	0.998383	0.194329	5.840482	0.150608	7.528429	0.9983831	M249I(AA:3,AC:1)	1	0	3	0	3	1	4
268	238	252	251					InF					0.187776	0.660760	Inf	0.463853	Inf	0.809723066087	K251R(AA:1);K251N(AA:4)	0	0	5	0	5	0	5
270	240	254	253					InF					0.726818	0.130608	Inf	0.091962	Inf	0.809723066087	G253E(AA:1)	0	0	1	0	1	0	1
271	241	255	254					0.353659	0.034301	3.646380	0.021942	5.700249	0.552180	0.048181	2.595912	0.036566	3.420545	0.809723066087	K254T(AC:1);K254R(AA:1)	1	0	1	0	1	1	2
272	242	256	255					InF					0.471057	0.261871	Inf	0.183833	Inf	0.809723066087	T255I(AA:2)	0	0	2	0	2	0	2
274	244	258	257					InF					0.726818	0.130608	Inf	0.091962	Inf	0.809723066087	T257I(CA:1)	0	1	0	0	1	0	1
276	246	260	259					0					0.113328	0.000000	0.962705	0.000000	1.368638	0.809723066087	V259A(AC:1)	1	0	0	0	0	1	1
281	251	265	264					InF					0.726818	0.130608	Inf	0.091962	Inf	0.809723066087	V264I(CA:1)	0	1	0	0	1	0	1
283	253	267	266					InF					0.471057	0.261871	Inf	0.183833	Inf	0.809723066087	F266L(AA:2)	0	0	2	0	2	0	2
286	256	270	269					InF					0.726818	0.130608	Inf	0.091962	Inf	0.809723066087	K269R(AA:1)	0	0	1	0	1	0	1
290	260	274	273					0.709480	0.093878	5.361857	0.063733	7.897956	0.869987	0.119112	4.217506	0.091670	5.469100	0.905642309016	A273T(AA:2,AC:1)	1	0	2	0	2	1	3
291	262	277	274				1	0.175305	0.023195	1.324915	0.015747	1.951602	0.131476	0.029490	1.044185	0.022741	1.356769	0.809723066087	S274N(AA:1,AC:2)	2	0	1	0	1	2	3
293	264	279	276					0					0.113328	0.000000	0.962705	0.000000	1.368638	0.809723066087	R276K(AC:1)	1	0	0	0	0	1	1
297	268	283	280					InF					0.726818	0.130608	Inf	0.091962	Inf	0.809723066087	I280V(AA:1)	0	0	1	0	1	0	1
300	271	286	283		120loop			0.709480	0.093878	5.361857	0.063733	7.897956	0.869987	0.119112	4.217506	0.091670	5.469100	0.905642309016	S283A(CC:1);S283F(AA:1);S283T(AA:1)	0	0	2	1	2	1	3
304	275	290	287					InF					0.726818	0.130608	Inf	0.091962	Inf	0.809723066087	I287V(CA:1)	0	1	0	0	1	0	1
313	284	299	296					InF					0.471057	0.261871	Inf	0.183833	Inf	0.809723066087	K296E(AA:2)	0	0	2	0	2	0	2
327	297	312	310					InF					0.471057	0.261871	Inf	0.183833	Inf	0.809723066087	E310K(AA:2)	0	0	2	0	2	0	2
340	310	325	323					0					0.113328	0.000000	0.962705	0.000000	1.368638	0.809723066087	K323R(AC:1)	1	0	0	0	0	1	1
344	315	330	327					InF					0.726818	0.130608	Inf	0.091962	Inf	0.809723066087	K327N(AA:1)	0	0	1	0	1	0	1
346	317	332	329					InF					0.726818	0.130608	Inf	0.091962	Inf	0.809723066087	A329V(CA:1)	0	1	0	0	1	0	1
58	53	60	43					InF					0.726818	0.130608	Inf	0.091962	Inf	0.809723066087	N43S(AA:1)	0	0	1	0	1	0	1
356	-	-	339					InF					0.726818	0.130608	Inf	0.091962	Inf	0.809723066087	K339R(AA:1)	0	0	1	0	1	0	1
63	-	-	48					0.175305	0.023195	1.324915	0.015747	1.951602	0.131476	0.029490	1.044185	0.022741	1.356769	0.809723066087	R48G(AA:1);R48K(CC:1,AC:1)	1	0	1	1	1	2	3
390	358	373	373					InF					0.726818	0.130608	Inf	0.091962	Inf	0.809723066087	A373E(AA:1)	0	0	1	0	1	0	1
410	378	393	393					InF					0.726818	0.130608	Inf	0.091962	Inf	0.809723066087	T393K(AA:1)	0	0	1	0	1	0	1
419	387	402	402					InF					0.726818	0.130608	Inf	0.091962	Inf	0.809723066087	L402I(AA:1)	0	0	1	0	1	0	1
422	390	405	405					InF					0.726818	0.130608	Inf	0.091962	Inf	0.809723066087	K405R(AA:1)	0	0	1	0	1	0	1
428	396	411	411					0.353659	0.034301	3.646380	0.021942	5.700249	0.552180	0.048181	2.595912	0.036566	3.420545	0.809723066087	S411C(AA:1);S411N(AC:1)	1	0	1	0	1	1	2
429	397	412	412					InF					0.726818	0.130608	Inf	0.091962	Inf	0.809723066087	G412D(AA:1)	0	0	1	0	1	0	1
432	400	415	415					InF					0.726818	0.130608	Inf	0.091962	Inf	0.809723066087	N415D(AA:1)	0	0	1	0	1	0	1
434	402	417	417					InF					0.726818	0.130608	Inf	0.091962	Inf	0.809723066087	L417I(AA:1)	0	0	1	0	1	0	1
436	404	419	419					0.175305	0.023195	1.324915	0.015747	1.951602	0.131476	0.029490	1.044185	0.022741	1.356769	0.809723066087	N419S(CC:1);N419H(AA:1);N419D(CC:1)	0	0	1	2	1	2	3
474	442	457	457					0					0.005455	0.000000	0.315862	0.000000	0.449946	0.346378403	E457D(AC:3)	3	0	0	0	0	3	3
477	445	460	460					InF					0.726818	0.130608	Inf	0.091962	Inf	0.809723066087	L460F(AA:1)	0	0	1	0	1	0	1
486	454	469	469					InF					0.471057	0.261871	Inf	0.183833	Inf	0.809723066087	M469I(AA:2)	0	0	2	0	2	0	2
492	460	475	475					0.353659	0.034301	3.646380	0.021942	5.700249	0.552180	0.048181	2.595912	0.036566	3.420545	0.809723066087	V475I(AC:1,CA:1)	1	1	0	0	1	1	2
493	461	476	476					InF					0.726818	0.130608	Inf	0.091962	Inf	0.809723066087	D476E(CA:1)	0	1	0	0	1	0	1
494	462	477	477					InF					0.726818	0.130608	Inf	0.091962	Inf	0.809723066087	I477V(AA:1)	0	0	1	0	1	0	1
504	472	487	487					InF					0.187776	0.660760	Inf	0.463853	Inf	0.809723066087	R487K(AA:1);K487R(AA:4)	0	0	5	0	5	0	5
