abs_pos	ref(H3)	ref(H1)	ref(B73)	RBS	AS	GS	PS	OR_uMLE	wald_MLE_CI90L	wald_MLE_CI90R	wald_MLE_CI95L	wald_MLE_CI95R	p-value	ss_CI90L	ss_CI90R	ss_CI95L	ss_CI95R	q-value	Mutations(B73)	AC	CA	AA	CC	End-in-Adult	End-in-Child	Total
512	480	495	495					0					0.343334	0.000000	2.141482	0.000000	3.041415	0.783949580198	R495K(CC:1)	0	0	0	1	0	1	1
3	-	4	-					0.628837	0.207247	1.908040	0.167564	2.359907	0.608677	0.217467	1.818377	0.181297	2.183333	0.816909276316	T-A(CC:1,CA:1);A-V(AC:1);A-T(CC:3,AA:2,CA:1)	1	2	2	4	4	5	9
4	-	5	-					1.794706	0.663045	4.857844	0.547940	5.878320	0.371016	0.686577	4.691342	0.579870	5.543551	0.783949580198	I-V(CA:1);V-I(AA:8,AC:3);I-T(CC:1)	3	1	8	1	9	4	13
517	485	500	500					0					0.343334	0.000000	2.141482	0.000000	3.041415	0.783949580198	T500P(CC:1)	0	0	0	1	0	1	1
6	-	7	-					1.186775	0.263116	5.352895	0.197184	7.142741	0.910116	0.294222	4.782200	0.235437	5.976225	0.966641317105	I-V(AA:1,AC:1);V-I(CC:1,AA:1,CA:1)	1	1	2	1	3	2	5
519	487	502	502					0.392361	0.093933	1.638908	0.071438	2.154986	0.347162	0.103595	1.487533	0.083479	1.847827	0.783949580198	N502S(CC:2);N502D(AA:1,CC:1,CA:1);N502K(CC:1)	0	1	1	4	2	4	6
521	489	504	504					InF					0.517308	0.291466	Inf	0.205224	Inf	0.783949580198	G504E(AA:1)	0	0	1	0	1	0	1
11	-	13	-					0					0.343334	0.000000	2.141482	0.000000	3.041415	0.783949580198	V-A(AC:1)	1	0	0	0	0	1	1
12	-	14	-					0.789838	0.076892	8.113230	0.049222	12.674040	0.960292	0.108144	5.768643	0.082072	7.601145	0.966641317105	T-A(CA:1,AC:1)	1	1	0	0	1	1	2
14	-	16	-					0					0.051582	0.000000	0.710383	0.000000	1.009923	0.783949580198	N-S(CC:1);D-N(CC:1);N-D(AC:1)	1	0	0	2	0	3	3
529	498	513	512				1	InF					0.231939	0.583811	Inf	0.410655	Inf	0.783949580198	D512E(AA:2)	0	0	2	0	2	0	2
18	13	20	3					1.586047	0.379708	6.624940	0.288776	8.711064	0.637052	0.418346	6.007067	0.337112	7.454580	0.840249225	I3V(AA:4,AC:2)	2	0	4	0	4	2	6
515	483	498	498					0					0.343334	0.000000	2.141482	0.000000	3.041415	0.783949580198	A498G(CC:1)	0	0	0	1	0	1	1
536	505	520	519					InF					0.517308	0.291466	Inf	0.205224	Inf	0.783949580198	T519A(CA:1)	0	1	0	0	1	0	1
537	506	521	520					InF					0.517308	0.291466	Inf	0.205224	Inf	0.783949580198	S520P(AA:1)	0	0	1	0	1	0	1
26	21	28	11					InF					0.517308	0.291466	Inf	0.205224	Inf	0.783949580198	N11S(CA:1)	0	1	0	0	1	0	1
539	508	523	522					InF					0.517308	0.291466	Inf	0.205224	Inf	0.783949580198	N522S(CA:1)	0	1	0	0	1	0	1
540	509	524	523					0.195727	0.030991	1.236147	0.021775	1.759307	0.107205	0.037532	1.022754	0.029263	1.311767	0.783949580198	D523N(AA:1,CC:2,AC:1);D523G(AC:1)	2	0	1	2	1	4	5
29	24	31	14					InF					0.517308	0.291466	Inf	0.205224	Inf	0.783949580198	H14Y(AA:1)	0	0	1	0	1	0	1
30	25	32	15					InF					0.078040	1.172893	Inf	0.825017	Inf	0.783949580198	V15L(CA:4)	0	4	0	0	4	0	4
544	-	-	527					InF					0.517308	0.291466	Inf	0.205224	Inf	0.783949580198	D527N(AA:1)	0	0	1	0	1	0	1
545	512	527	528			1		1.583333	0.210412	11.914460	0.142965	17.535380	0.721972	0.267420	9.365208	0.206015	12.144443	0.869777050394	D528N(CC:1);T528N(AA:1);N528D(CA:1)	0	1	1	1	2	1	3
34	29	36	19					InF					0.517308	0.291466	Inf	0.205224	Inf	0.783949580198	A19V(AA:1)	0	0	1	0	1	0	1
547	514	529	530			1		0.393764	0.052328	2.963053	0.035554	4.360943	0.560752	0.066572	2.331394	0.051337	3.026285	0.787110044037	T530I(CC:1,AA:1,AC:1)	1	0	1	1	1	2	3
549	516	531	532					InF					0.517308	0.291466	Inf	0.205224	Inf	0.783949580198	L532M(AA:1)	0	0	1	0	1	0	1
554	521	536	537					InF					0.231939	0.583811	Inf	0.410655	Inf	0.783949580198	T537A(CA:1);T537I(CA:1)	0	2	0	0	2	0	2
555	522	537	538					InF					0.517308	0.291466	Inf	0.205224	Inf	0.783949580198	A538V(CA:1)	0	1	0	0	1	0	1
44	39	46	29					InF					0.517308	0.291466	Inf	0.205224	Inf	0.783949580198	V29A(AA:1)	0	0	1	0	1	0	1
560	527	542	543					InF					0.517308	0.291466	Inf	0.205224	Inf	0.783949580198	A543T(AA:1)	0	0	1	0	1	0	1
49	44	51	34					0					0.343334	0.000000	2.141482	0.000000	3.041415	0.783949580198	I34T(AC:1)	1	0	0	0	0	1	1
50	45	52	35				1	0					0.343334	0.000000	2.141482	0.000000	3.041415	0.783949580198	T35A(CC:1)	0	0	0	1	0	1	1
52	47	54	37					0.789352	0.151700	4.107305	0.110617	5.632721	0.852735	0.174969	3.561072	0.138342	4.503902	0.966433	T37A(AA:2,AC:2)	2	0	2	0	2	2	4
565	532	547	548					0					0.343334	0.000000	2.141482	0.000000	3.041415	0.783949580198	L548I(CC:1)	0	0	0	1	0	1	1
567	534	549	550					0					0.127918	0.000000	1.068062	0.000000	1.518419	0.783949580198	I550L(CC:1);I550V(CC:1)	0	0	0	2	0	2	2
569	-	551	552					0.789838	0.076892	8.113230	0.049222	12.674040	0.960292	0.108144	5.768643	0.082072	7.601145	0.966641317105	I552V(CC:1,AA:1)	0	0	1	1	1	1	2
570	536	552	553					InF					0.517308	0.291466	Inf	0.205224	Inf	0.783949580198	V553I(CA:1)	0	1	0	0	1	0	1
572	538	554	555					0.789838	0.076892	8.113230	0.049222	12.674040	0.960292	0.108144	5.768643	0.082072	7.601145	0.966641317105	T555M(CA:1);M555I(AC:1)	1	1	0	0	1	1	2
573	539	555	556					0.789352	0.151700	4.107305	0.110617	5.632721	0.852735	0.174969	3.561072	0.138342	4.503902	0.966433	V556I(AA:1,AC:2,CA:1)	2	1	1	0	2	2	4
62	-	-	47					InF					0.517308	0.291466	Inf	0.205224	Inf	0.783949580198	A47T(AA:1)	0	0	1	0	1	0	1
575	541	557	558					InF					0.231939	0.583811	Inf	0.410655	Inf	0.783949580198	R558K(AA:1);K558R(AA:1)	0	0	2	0	2	0	2
576	542	558	559					0					0.343334	0.000000	2.141482	0.000000	3.041415	0.783949580198	D559E(CC:1)	0	0	0	1	0	1	1
577	543	559	560			1		0.789352	0.151700	4.107305	0.110617	5.632721	0.852735	0.174969	3.561072	0.138342	4.503902	0.966433	H560N(AA:1);N560S(CC:1,AC:1);N560H(CA:1)	1	1	1	1	2	2	4
578	544	560	561			1		InF					0.158074	0.877760	Inf	0.617420	Inf	0.783949580198	V561I(AA:1,CA:2)	0	2	1	0	3	0	3
582	548	564	565					0					0.343334	0.000000	2.141482	0.000000	3.041415	0.783949580198	I565V(CC:1)	0	0	0	1	0	1	1
71	60	68	56		120loop			InF					0.517308	0.291466	Inf	0.205224	Inf	0.783949580198	D56A(CA:1)	0	1	0	0	1	0	1
73	62	70	58		120loop			0					0.343334	0.000000	2.141482	0.000000	3.041415	0.783949580198	L58I(AC:1)	1	0	0	0	0	1	1
84	73	81	69					0.789838	0.076892	8.113230	0.049222	12.674040	0.960292	0.108144	5.768643	0.082072	7.601145	0.966641317105	R69T(CC:1);R69M(CA:1)	0	1	0	1	1	1	2
86	75	83	71					InF					0.517308	0.291466	Inf	0.205224	Inf	0.783949580198	M71T(CA:1)	0	1	0	0	1	0	1
88	77	85	73		120loop			InF					0.517308	0.291466	Inf	0.205224	Inf	0.783949580198	V73M(AA:1)	0	0	1	0	1	0	1
90	79	87	75		120loop			0.788863	0.204827	3.038196	0.158215	3.933279	0.802847	0.222487	2.797042	0.180724	3.443398	0.959652576562	T75I(AA:2,AC:1);T75A(AA:1);T75S(CC:1);T75N(CC:1)	1	0	3	2	3	3	6
91	80	88	76					0.789838	0.076892	8.113230	0.049222	12.674040	0.960292	0.108144	5.768643	0.082072	7.601145	0.966641317105	T76I(CC:1,CA:1)	0	1	0	1	1	1	2
93	-	90	78					0					0.051582	0.000000	0.710383	0.000000	1.009923	0.783949580198	S78P(CC:3)	0	0	0	3	0	3	3
95	83	92	80					InF					0.517308	0.291466	Inf	0.205224	Inf	0.783949580198	K80E(CA:1)	0	1	0	0	1	0	1
100	88	97	85					InF					0.517308	0.291466	Inf	0.205224	Inf	0.783949580198	H85Y(AA:1)	0	0	1	0	1	0	1
102	90	99	87					0.920765	0.365840	2.317430	0.306571	2.765456	0.960323	0.376265	2.253219	0.320978	2.641325	0.966641317105	V87A(CC:1,AA:1,AC:2,CA:1);V87I(AA:3,CC:2,AC:1,CA:2)	3	3	4	3	7	6	13
103	91	100	88					1.987179	0.499197	7.910467	0.383164	10.305974	0.517509	0.545531	7.231369	0.440921	8.938095	0.783949580198	R88K(AA:1,CC:2,CA:3);K88R(AA:1)	0	3	2	2	5	2	7
105	93	102	90					InF					0.078040	1.172893	Inf	0.825017	Inf	0.783949580198	V90I(CA:2);V90A(AA:1,CA:1)	0	3	1	0	4	0	4
127	113	126	112					InF					0.517308	0.291466	Inf	0.205224	Inf	0.783949580198	R112K(AA:1)	0	0	1	0	1	0	1
131	117	130	116					InF					0.231939	0.583811	Inf	0.410655	Inf	0.783949580198	K116R(AA:2)	0	0	2	0	2	0	2
136	122	135	121		120loop			0.589907	0.166987	2.083944	0.131137	2.653638	0.608568	0.178967	1.944435	0.146687	2.374701	0.816909276316	T121A(AA:1,CC:2,AC:1);T121I(AA:1,CA:1);T121N(AC:1)	2	1	2	2	3	4	7
137	123	136	122		120loop		1	0					0.127918	0.000000	1.068062	0.000000	1.518419	0.783949580198	Q122R(CC:2)	0	0	0	2	0	2	2
138	-	-	123		120loop			0.393764	0.052328	2.963053	0.035554	4.360943	0.560752	0.066572	2.331394	0.051337	3.026285	0.787110044037	N123D(AC:1);N123K(AA:1,AC:1)	2	0	1	0	1	2	3
140	-	-	125					0.789838	0.076892	8.113230	0.049222	12.674040	0.960292	0.108144	5.768643	0.082072	7.601145	0.966641317105	I125V(CA:1);I125L(CC:1)	0	1	0	1	1	1	2
141	-	-	126					0					0.051582	0.000000	0.710383	0.000000	1.009923	0.783949580198	D126N(CC:2,AC:1)	1	0	0	2	0	3	3
151	133	146	136	1			1	0.393764	0.052328	2.963053	0.035554	4.360943	0.560752	0.066572	2.331394	0.051337	3.026285	0.787110044037	R136K(CC:1,AA:1,AC:1)	1	0	1	1	1	2	3
152	-	147	137	1	120loop			InF					0.517308	0.291466	Inf	0.205224	Inf	0.783949580198	L137I(AA:1)	0	0	1	0	1	0	1
156	137	151	141	1	150loop		1	0					0.343334	0.000000	2.141482	0.000000	3.041415	0.783949580198	G141R(CC:1)	0	0	0	1	0	1	1
161	141	155	146		150loop	1		0.787383	0.302308	2.050794	0.251676	2.463378	0.708996	0.311943	1.987454	0.264781	2.341455	0.869777050394	A146T(CC:4,AA:2,AC:1,CA:2);D146A(AA:2,AC:1)	2	2	4	4	6	6	12
163	162.2	162.2	162.2		162-163insertion			InF					0.231939	0.583811	Inf	0.410655	Inf	0.783949580198	S162.2N(AA:2)	0	0	2	0	2	0	2
165	145	159	150		150loop		1	InF					0.158074	0.877760	Inf	0.617420	Inf	0.783949580198	I150V(CA:1);T150I(AA:1);I150T(AA:1)	0	1	2	0	3	0	3
169	149	163	154					0.096709	0.016824	0.555903	0.012036	0.777036	0.006567	0.019908	0.470725	0.015615	0.600733	0.783949580198	A154V(CC:1);V154A(CC:2);A154T(CC:4,CA:1);A154S(CC:1)	0	1	0	8	1	8	9
174	154	168	159					InF					0.231939	0.583811	Inf	0.410655	Inf	0.783949580198	A159V(CA:1);V159A(AA:1)	0	1	1	0	2	0	2
178	-	-	-					1.583333	0.210412	11.914460	0.142965	17.535380	0.721972	0.267420	9.365208	0.206015	12.144443	0.869777050394	D-E(AA:1);D-G(AA:1);N-D(CC:1)	0	0	2	1	2	1	3
179	-	-	-					0.261740	0.039022	1.755606	0.027104	2.527575	0.266725	0.048031	1.427758	0.037299	1.840392	0.783949580198	S-N(CC:1,CA:1);N-S(CC:1,AC:1)	1	1	0	2	1	3	4
180	158	172	163		160loop		1	1.583333	0.210412	11.914460	0.142965	17.535380	0.721972	0.267420	9.365208	0.206015	12.144443	0.869777050394	Y163H(CA:1);H163Y(CC:1,CA:1)	0	2	0	1	2	1	3
542	511	526	525					InF					0.078040	1.172893	Inf	0.825017	Inf	0.783949580198	G525E(AA:2,CA:2)	0	2	2	0	4	0	4
185	161	175	168		160loop			InF					0.517308	0.291466	Inf	0.205224	Inf	0.783949580198	N168K(CA:1)	0	1	0	0	1	0	1
186	162	176	169		160loop			2.380510	0.354907	15.967080	0.246512	22.988047	0.591936	0.436401	12.972415	0.338555	16.704844	0.815911783784	P169L(AA:1,CA:1);P169S(CC:1);L169P(AA:1)	0	1	2	1	3	1	4
187	-	-	170		160loop			0.789838	0.076892	8.113230	0.049222	12.674040	0.960292	0.108144	5.768643	0.082072	7.601145	0.966641317105	Q170R(AA:1);L170I(AC:1)	1	0	1	0	1	1	2
189	164	178	172					InF					0.517308	0.291466	Inf	0.205224	Inf	0.783949580198	V172L(CA:1)	0	1	0	0	1	0	1
191	166	180	174					3.181395	0.503736	20.092441	0.353942	28.595894	0.361290	0.608833	16.590862	0.474693	21.279149	0.783949580198	V174I(AA:2,CC:1,CA:2)	0	2	2	1	4	1	5
193	168	182	176					0.789838	0.076892	8.113230	0.049222	12.674040	0.960292	0.108144	5.768643	0.082072	7.601145	0.966641317105	Y176N(CC:1,CA:1)	0	1	0	1	1	1	2
196	171	185	179		120loop			0.392361	0.093933	1.638908	0.071438	2.154986	0.347162	0.103595	1.487533	0.083479	1.847827	0.783949580198	T179A(AA:1,AC:1);A179T(CC:1,CA:1);A179V(CC:1);A179S(CC:1)	1	1	1	3	2	4	6
197	172	186	180		120loop			0.789838	0.076892	8.113230	0.049222	12.674040	0.960292	0.108144	5.768643	0.082072	7.601145	0.966641317105	E180K(CC:1,AA:1)	0	0	1	1	1	1	2
198	173	187	181		120loop			InF					0.158074	0.877760	Inf	0.617420	Inf	0.783949580198	G181E(AA:2);R181G(AA:1)	0	0	3	0	3	0	3
203	178	192	186					0.393764	0.052328	2.963053	0.035554	4.360943	0.560752	0.066572	2.331394	0.051337	3.026285	0.787110044037	T186A(CC:1,CA:1);T186N(CC:1)	0	1	0	2	1	2	3
204	179	193	187					0.261740	0.039022	1.755606	0.027104	2.527575	0.266725	0.048031	1.427758	0.037299	1.840392	0.783949580198	V187I(CC:3,CA:1)	0	1	0	3	1	3	4
211	187	201	194	1	190helix	1	1	1.583333	0.210412	11.914460	0.142965	17.535380	0.721972	0.267420	9.365208	0.206015	12.144443	0.869777050394	N194S(CA:1);N194D(CC:1,CA:1)	0	2	0	1	2	1	3
213	189	203	196	1	190helix	1		0.222222	0.059106	0.835499	0.045866	1.076670	0.043010	0.064004	0.772331	0.052146	0.949855	0.783949580198	T196I(CC:1,AC:1);T196A(CC:1);I196T(AA:2,AC:4)	5	0	2	2	2	7	9
217	193	207	200	1	190helix		1	1.186775	0.263116	5.352895	0.197184	7.142741	0.910116	0.294222	4.782200	0.235437	5.976225	0.966641317105	N200S(AA:1,AC:1);N200T(AA:1,AC:1);S200N(CA:1)	2	1	2	0	3	2	5
226	201	215	209					2.390187	0.620604	9.205542	0.479374	11.917603	0.347505	0.674116	8.466330	0.547031	10.422774	0.783949580198	R209K(AA:2,AC:1);K209R(AA:3,CC:1,CA:1)	1	1	5	1	6	2	8
379	347	362	362					0.393764	0.052328	2.963053	0.035554	4.360943	0.560752	0.066572	2.331394	0.051337	3.026285	0.787110044037	I362V(CC:1,CA:1,AC:1)	1	1	0	1	1	2	3
228	203	217	211					0					0.343334	0.000000	2.141482	0.000000	3.041415	0.783949580198	T211I(CC:1)	0	0	0	1	0	1	1
230	205	219	213					InF					0.517308	0.291466	Inf	0.205224	Inf	0.783949580198	S213F(CA:1)	0	1	0	0	1	0	1
231	206	220	214					InF					0.231939	0.583811	Inf	0.410655	Inf	0.783949580198	A214V(AA:2)	0	0	2	0	2	0	2
232	207	221	215					1.583333	0.210412	11.914460	0.142965	17.535380	0.721972	0.267420	9.365208	0.206015	12.144443	0.869777050394	N215D(AA:1);N215S(CA:1);S215N(AC:1)	1	1	1	0	2	1	3
234	209	223	217					1.987179	0.499197	7.910467	0.383164	10.305974	0.517509	0.545531	7.231369	0.440921	8.938095	0.783949580198	V217I(CC:1,AA:2,CA:1);V217A(CC:1,AA:1);I217V(AA:1)	0	1	4	2	5	2	7
236	211	225	219					InF					0.231939	0.583811	Inf	0.410655	Inf	0.783949580198	T219R(CA:1);T219A(CA:1)	0	2	0	0	2	0	2
244	219	233	227					2.380510	0.354907	15.967080	0.246512	22.988047	0.591936	0.436401	12.972415	0.338555	16.704844	0.815911783784	D227N(CC:1);G227S(AA:1,CA:2)	0	2	1	1	3	1	4
247	222	236	230			1	1	0.589907	0.166987	2.083944	0.131137	2.653638	0.608568	0.178967	1.944435	0.146687	2.374701	0.816909276316	N230D(CA:1);D230V(CC:1);D230N(AA:1,CC:2,CA:1);D230G(CC:1)	0	2	1	4	3	4	7
248	223	237	231					InF					0.517308	0.291466	Inf	0.205224	Inf	0.783949580198	Q231R(AA:1)	0	0	1	0	1	0	1
249	224	238	232					2.795082	0.743436	10.508615	0.576910	13.541936	0.208140	0.804227	9.704571	0.653920	11.911380	0.783949580198	K232T(AA:3,AC:1);T232I(AA:1);T232K(CC:1,CA:3)	1	3	4	1	7	2	9
252	-	-	235		190helix			InF					0.517308	0.291466	Inf	0.205224	Inf	0.783949580198	G235R(AA:1)	0	0	1	0	1	0	1
262	232	246	245					0.789838	0.076892	8.113230	0.049222	12.674040	0.960292	0.108144	5.768643	0.082072	7.601145	0.966641317105	V245I(AA:1,AC:1)	1	0	1	0	1	1	2
266	236	250	249					0.789352	0.151700	4.107305	0.110617	5.632721	0.852735	0.174969	3.561072	0.138342	4.503902	0.966433	M249I(AA:2,AC:1);M249V(CC:1)	1	0	2	1	2	2	4
268	238	252	251					1.586047	0.379708	6.624940	0.288776	8.711064	0.637052	0.418346	6.007067	0.337112	7.454580	0.840249225	K251R(AA:1);K251N(AA:3,AC:2)	2	0	4	0	4	2	6
270	240	254	253					1.583333	0.210412	11.914460	0.142965	17.535380	0.721972	0.267420	9.365208	0.206015	12.144443	0.869777050394	G253E(AA:1,CC:1);G253R(CA:1)	0	1	1	1	2	1	3
271	241	255	254					0					0.343334	0.000000	2.141482	0.000000	3.041415	0.783949580198	K254T(AC:1)	1	0	0	0	0	1	1
272	242	256	255					0.393764	0.052328	2.963053	0.035554	4.360943	0.560752	0.066572	2.331394	0.051337	3.026285	0.787110044037	T255K(CC:1);T255P(CA:1);T255A(CC:1)	0	1	0	2	1	2	3
274	244	258	257					InF					0.517308	0.291466	Inf	0.205224	Inf	0.783949580198	T257I(CA:1)	0	1	0	0	1	0	1
276	246	260	259					0					0.343334	0.000000	2.141482	0.000000	3.041415	0.783949580198	V259A(AC:1)	1	0	0	0	0	1	1
281	251	265	264					1.583333	0.210412	11.914460	0.142965	17.535380	0.721972	0.267420	9.365208	0.206015	12.144443	0.869777050394	V264I(CC:1,CA:2)	0	2	0	1	2	1	3
283	253	267	266					InF					0.517308	0.291466	Inf	0.205224	Inf	0.783949580198	F266L(AA:1)	0	0	1	0	1	0	1
286	256	270	269					0					0.343334	0.000000	2.141482	0.000000	3.041415	0.783949580198	K269R(CC:1)	0	0	0	1	0	1	1
290	260	274	273					1.054264	0.298434	3.724345	0.234365	4.742479	0.983638	0.319845	3.475033	0.261893	4.239751	0.9836381	A273V(CC:2,CA:1);A273T(AA:1,CA:2,AC:1)	1	3	1	2	4	3	7
291	262	277	274				1	InF					0.231939	0.583811	Inf	0.410655	Inf	0.783949580198	S274N(AA:1,CA:1)	0	1	1	0	2	0	2
293	264	279	276					0.789838	0.076892	8.113230	0.049222	12.674040	0.960292	0.108144	5.768643	0.082072	7.601145	0.966641317105	R276K(CA:1,AC:1)	1	1	0	0	1	1	2
561	528	543	544					1.583333	0.210412	11.914460	0.142965	17.535380	0.721972	0.267420	9.365208	0.206015	12.144443	0.869777050394	V544I(CA:1);I544V(CC:1,CA:1)	0	2	0	1	2	1	3
297	268	283	280					InF					0.517308	0.291466	Inf	0.205224	Inf	0.783949580198	I280V(AA:1)	0	0	1	0	1	0	1
300	271	286	283		120loop			InF					0.158074	0.877760	Inf	0.617420	Inf	0.783949580198	S283A(CA:1);S283F(AA:1);S283T(AA:1)	0	1	2	0	3	0	3
562	529	544	545				1	InF					0.517308	0.291466	Inf	0.205224	Inf	0.783949580198	T545I(AA:1)	0	0	1	0	1	0	1
313	284	299	296					0.789352	0.151700	4.107305	0.110617	5.632721	0.852735	0.174969	3.561072	0.138342	4.503902	0.966433	K296E(AA:2,AC:2)	2	0	2	0	2	2	4
53	48	55	38				1	InF					0.231939	0.583811	Inf	0.410655	Inf	0.783949580198	K38R(CA:2)	0	2	0	0	2	0	2
327	297	312	310					0.789352	0.151700	4.107305	0.110617	5.632721	0.852735	0.174969	3.561072	0.138342	4.503902	0.966433	E310K(AA:2,AC:2)	2	0	2	0	2	2	4
340	310	325	323					0					0.127918	0.000000	1.068062	0.000000	1.518419	0.783949580198	K323R(CC:1,AC:1)	1	0	0	1	0	2	2
341	311	326	324					InF					0.517308	0.291466	Inf	0.205224	Inf	0.783949580198	T324A(CA:1)	0	1	0	0	1	0	1
344	315	330	327					1.583333	0.210412	11.914460	0.142965	17.535380	0.721972	0.267420	9.365208	0.206015	12.144443	0.869777050394	K327R(CC:1);K327N(AA:1);K327E(CA:1)	0	1	1	1	2	1	3
346	317	332	329					InF					0.231939	0.583811	Inf	0.410655	Inf	0.783949580198	A329V(CA:2)	0	2	0	0	2	0	2
58	53	60	43					InF					0.517308	0.291466	Inf	0.205224	Inf	0.783949580198	N43S(AA:1)	0	0	1	0	1	0	1
9	-	10	-					InF					0.517308	0.291466	Inf	0.205224	Inf	0.783949580198	M-L(CA:1)	0	1	0	0	1	0	1
363	331	346	346					InF					0.517308	0.291466	Inf	0.205224	Inf	0.783949580198	F346L(CA:1)	0	1	0	0	1	0	1
63	-	-	48					0.789838	0.076892	8.113230	0.049222	12.674040	0.960292	0.108144	5.768643	0.082072	7.601145	0.966641317105	R48G(AA:1);R48K(CC:1)	0	0	1	1	1	1	2
386	354	369	369					InF					0.517308	0.291466	Inf	0.205224	Inf	0.783949580198	T369I(CA:1)	0	1	0	0	1	0	1
390	358	373	373					InF					0.517308	0.291466	Inf	0.205224	Inf	0.783949580198	A373E(AA:1)	0	0	1	0	1	0	1
410	378	393	393					InF					0.517308	0.291466	Inf	0.205224	Inf	0.783949580198	T393K(AA:1)	0	0	1	0	1	0	1
411	379	394	394					InF					0.517308	0.291466	Inf	0.205224	Inf	0.783949580198	Q394K(AA:1)	0	0	1	0	1	0	1
415	383	398	398					0					0.343334	0.000000	2.141482	0.000000	3.041415	0.783949580198	S398A(CC:1)	0	0	0	1	0	1	1
421	389	404	404					InF					0.517308	0.291466	Inf	0.205224	Inf	0.783949580198	V404I(CA:1)	0	1	0	0	1	0	1
422	390	405	405					0					0.343334	0.000000	2.141482	0.000000	3.041415	0.783949580198	K405R(CC:1)	0	0	0	1	0	1	1
428	396	411	411					0					0.343334	0.000000	2.141482	0.000000	3.041415	0.783949580198	S411N(AC:1)	1	0	0	0	0	1	1
429	397	412	412					InF					0.517308	0.291466	Inf	0.205224	Inf	0.783949580198	G412D(AA:1)	0	0	1	0	1	0	1
432	400	415	415					1.583333	0.210412	11.914460	0.142965	17.535380	0.721972	0.267420	9.365208	0.206015	12.144443	0.869777050394	D415N(CA:1);D415G(CC:1);N415D(AA:1)	0	1	1	1	2	1	3
434	402	417	417					0.789352	0.151700	4.107305	0.110617	5.632721	0.852735	0.174969	3.561072	0.138342	4.503902	0.966433	L417F(AC:1);L417I(AA:1);F417L(CC:1,CA:1)	1	1	1	1	2	2	4
436	404	419	419					0.393764	0.052328	2.963053	0.035554	4.360943	0.560752	0.066572	2.331394	0.051337	3.026285	0.787110044037	N419S(CC:1);N419H(AA:1);N419D(CC:1)	0	0	1	2	1	2	3
438	406	421	421					0.789838	0.076892	8.113230	0.049222	12.674040	0.960292	0.108144	5.768643	0.082072	7.601145	0.966641317105	V421I(CC:1,CA:1)	0	1	0	1	1	1	2
453	421	436	436					0.393764	0.052328	2.963053	0.035554	4.360943	0.560752	0.066572	2.331394	0.051337	3.026285	0.787110044037	I436M(CC:1,CA:1);M436I(CC:1)	0	1	0	2	1	2	3
474	442	457	457					0					0.127918	0.000000	1.068062	0.000000	1.518419	0.783949580198	E457D(AC:2)	2	0	0	0	0	2	2
477	445	460	460					InF					0.517308	0.291466	Inf	0.205224	Inf	0.783949580198	L460F(AA:1)	0	0	1	0	1	0	1
70	59	67	55					0					0.343334	0.000000	2.141482	0.000000	3.041415	0.783949580198	P55S(CC:1)	0	0	0	1	0	1	1
486	454	469	469					InF					0.231939	0.583811	Inf	0.410655	Inf	0.783949580198	M469I(AA:2)	0	0	2	0	2	0	2
492	460	475	475					0.789838	0.076892	8.113230	0.049222	12.674040	0.960292	0.108144	5.768643	0.082072	7.601145	0.966641317105	V475I(AC:1,CA:1)	1	1	0	0	1	1	2
493	461	476	476					0					0.343334	0.000000	2.141482	0.000000	3.041415	0.783949580198	D476E(AC:1)	1	0	0	0	0	1	1
504	472	487	487					InF					0.231939	0.583811	Inf	0.410655	Inf	0.783949580198	K487R(AA:2)	0	0	2	0	2	0	2
