abs_pos	ref(H3)	ref(H1)	ref(B73)	RBS	AS	GS	PS	OR_uMLE_(EIA v. EIC)	wald_MLE_CI90L	wald_MLE_CI90R	wald_MLE_CI95L	wald_MLE_CI95R	p-value_(EIA v. EIC)	ss_CI90L	ss_CI90R	ss_CI95L	ss_CI95R	q-value_(EIA v. EIC)	OR_uMLE_(CA v. AC)	wald_MLE_CI90L	wald_MLE_CI90R	wald_MLE_CI95L	wald_MLE_CI95R	p-value_(CA v. AC)	ss_CI90L	ss_CI90R	ss_CI95L	ss_CI95R	q-value_(CA v. AC)	Mutations(H3)	CA	AC	AA	CC	end-in-adult	end-in-child	Total
512	496	511	-					InF					0.656546	NaN	NaN	NaN	NaN	0.95436775	NaN					1.000000	0.000000	Inf	0.000000	Inf	1.0	L496V(AA:1)	0	0	1	0	1	0	1
514	498	513	512				1	0					0.656546	NaN	NaN	NaN	NaN	0.95436775	0					0.514578	0.000000	2.897329	0.000000	4.114898	1.0	N498K(AC:1)	0	1	0	0	0	1	1
3	-	4	-					1.623560	0.257225	10.247632	0.180756	14.582929	0.954037	NaN	NaN	NaN	NaN	0.957692013027	1.067010	0.103589	10.990621	0.066277	17.178013	0.999969	0.145511	7.824207	0.110321	10.320003	1.0	T-A(AA:1,CA:1);N-T(AA:2);A-T(AC:1)	1	1	3	0	4	1	5
4	-	5	-					0.809706	0.107662	6.089680	0.073158	8.961698	0.623134	NaN	NaN	NaN	NaN	0.95436775	NaN					1.000000	0.000000	Inf	0.000000	Inf	1.0	I-V(AA:1);I-T(AA:1);T-I(CC:1)	0	0	2	1	2	1	3
517	501	516	515					InF					0.623134	NaN	NaN	NaN	NaN	0.95436775	InF					0.365318	0.393205	Inf	0.276582	Inf	1.0	Q501K(AA:1);Q501R(AA:1);Q501H(CA:1)	1	0	2	0	3	0	3
518	502	517	516					0					0.656546	NaN	NaN	NaN	NaN	0.95436775	0					0.514578	0.000000	2.897329	0.000000	4.114898	1.0	I502V(AC:1)	0	1	0	0	0	1	1
519	503	518	517					0.133929	0.019979	0.897808	0.013878	1.292448	0.162098	NaN	NaN	NaN	NaN	0.95436775	0					0.224386	0.000000	1.442154	0.000000	2.052301	1.0	K503R(AA:1,CC:1,AC:2)	0	2	1	1	1	3	4
520	504	519	518					InF					0.656546	NaN	NaN	NaN	NaN	0.95436775	NaN					1.000000	0.000000	Inf	0.000000	Inf	1.0	G504E(AA:1)	0	0	1	0	1	0	1
521	505	520	519					0.320615	0.105770	0.971861	0.085534	1.201793	0.180424	NaN	NaN	NaN	NaN	0.95436775	0.708117	0.156319	3.207731	0.117052	4.283834	0.775305	0.174854	2.870576	0.139779	3.594484	1.0	V505I(AA:2,CC:2,CA:2,AC:2);V505L(AC:1)	2	3	2	2	4	5	9
10	-	11	-					0.606138	0.134483	2.731971	0.100798	3.644953	0.954037	NaN	NaN	NaN	NaN	0.957692013027	1.067010	0.103589	10.990621	0.066277	17.178013	0.999969	0.145511	7.824207	0.110321	10.320003	1.0	L-I(CC:1);I-V(AC:1);I-T(AA:2,CA:1)	1	1	2	1	3	2	5
11	-	12	-					InF					0.656546	NaN	NaN	NaN	NaN	0.95436775	NaN					1.000000	0.000000	Inf	0.000000	Inf	1.0	L-I(AA:1)	0	0	1	0	1	0	1
12	-	13	-					0.066327	0.011183	0.393390	0.007953	0.553185	0.006234	NaN	NaN	NaN	NaN	0.816675484	0.209278	0.034264	1.278222	0.024230	1.807567	0.129876	0.041105	1.069779	0.032112	1.372080	1.0	C-R(CC:1,AC:3);R-S(AC:1);C-Y(CA:1,AC:1)	1	5	0	1	1	6	7
525	509	524	523					0.201531	0.026796	1.515690	0.018209	2.230523	0.440710	NaN	NaN	NaN	NaN	0.95436775	0					0.224386	0.000000	1.442154	0.000000	2.052301	1.0	S509P(AC:2);S509A(AA:1)	0	2	1	0	1	2	3
14	-	15	-					0.910438	0.336736	2.461563	0.278339	2.978015	0.877803	NaN	NaN	NaN	NaN	0.95436775	3.269841	0.844866	12.655092	0.651992	16.398760	0.143859	0.915779	11.640199	0.742394	14.344407	1.0	V-A(AA:1);V-G(AA:1,CC:1);V-I(AC:2);I-V(CA:1);A-V(AA:1);G-V(CC:1,CA:5)	6	2	3	2	9	4	13
15	-	16	-					InF					0.433959	NaN	NaN	NaN	NaN	0.95436775	InF					0.365318	0.393205	Inf	0.276582	Inf	1.0	F-I(CA:1);F-L(AA:1);V-F(AA:2)	1	0	3	0	4	0	4
16	-	17	-					0.944730	0.302003	2.955315	0.242755	3.676611	0.785290	NaN	NaN	NaN	NaN	0.95436775	5.447368	0.891867	33.271560	0.630683	47.050262	0.093725	1.065656	27.734492	0.830867	35.500735	1.0	A-T(AA:1,CA:2,AC:1);T-A(AA:1,CC:1,CA:3);A-S(CC:1)	5	1	2	2	7	3	10
529	513	528	529					0					0.656546	NaN	NaN	NaN	NaN	0.95436775	NaN					1.000000	0.000000	Inf	0.000000	Inf	1.0	D513N(CC:1)	0	0	0	1	0	1	1
18	2	-	-					InF					0.623134	NaN	NaN	NaN	NaN	0.95436775	InF					0.365318	0.393205	Inf	0.276582	Inf	1.0	K2E(CA:1);K2Q(AA:1);K2R(AA:1)	1	0	2	0	3	0	3
19	3	-	-					0.398970	0.173990	0.914866	0.148425	1.072441	0.124712	NaN	NaN	NaN	NaN	0.95436775	0.420725	0.105191	1.682754	0.080667	2.194327	0.327056	0.114924	1.543316	0.092979	1.911381	1.0	L3F(AC:2,CA:1);I3N(CC:1);I3L(AA:2,CC:1);L3I(AA:4,CC:1,AC:3,CA:1)	2	5	6	3	8	8	16
20	4	-	-					InF					0.623134	NaN	NaN	NaN	NaN	0.95436775	InF					0.365318	0.393205	Inf	0.276582	Inf	1.0	P4S(AA:2,CA:1)	1	0	2	0	3	0	3
21	5	-	-					0.320615	0.105770	0.971861	0.085534	1.201793	0.180424	NaN	NaN	NaN	NaN	0.95436775	1.067358	0.204324	5.575710	0.148879	7.652225	0.999521	0.235412	4.839387	0.185946	6.126785	1.0	G5R(AA:1,CA:2,AC:1);G5E(CC:3,AA:1,AC:1)	2	2	2	3	4	5	9
534	518	533	534					InF					0.623134	NaN	NaN	NaN	NaN	0.95436775	NaN					1.000000	0.000000	Inf	0.000000	Inf	1.0	I518M(AA:1);M518I(AA:2)	0	0	3	0	3	0	3
23	7	-	-					InF					0.623134	NaN	NaN	NaN	NaN	0.95436775	InF					0.075542	1.190081	Inf	0.835435	Inf	1.0	D7N(CA:2);E7D(CA:1)	3	0	0	0	3	0	3
24	8	-	-			1		0.404337	0.039381	4.151415	0.025212	6.484531	0.903371	NaN	NaN	NaN	NaN	0.95436775	1.067010	0.103589	10.990621	0.066277	17.178013	0.999969	0.145511	7.824207	0.110321	10.320003	1.0	N8D(AC:1,CA:1)	1	1	0	0	1	1	2
25	9	-	-					1.216113	0.181413	8.152275	0.126020	11.735658	0.708513	NaN	NaN	NaN	NaN	0.95436775	1.067010	0.103589	10.990621	0.066277	17.178013	0.999969	0.145511	7.824207	0.110321	10.320003	1.0	N9S(AA:1);S9N(AA:1,AC:1,CA:1)	1	1	2	0	3	1	4
538	522	537	538					0.673077	0.201444	2.248923	0.159894	2.833334	0.880420	NaN	NaN	NaN	NaN	0.95436775	1.067708	0.275892	4.132051	0.212911	5.354346	0.996783	0.299330	3.808505	0.242901	4.693283	1.0	I522T(AA:2,CA:3,AC:1);I522M(AC:2)	3	3	2	0	5	3	8
28	12	19	2					0.809706	0.107662	6.089680	0.073158	8.961698	0.623134	NaN	NaN	NaN	NaN	0.95436775	0					0.514578	0.000000	2.897329	0.000000	4.114898	1.0	T12M(AA:2,AC:1)	0	1	2	0	2	1	3
541	525	540	541					0.606138	0.134483	2.731971	0.100798	3.644953	0.954037	NaN	NaN	NaN	NaN	0.957692013027	NaN					1.000000	0.000000	Inf	0.000000	Inf	1.0	L525F(AA:1);F525L(CC:2,AA:2)	0	0	3	2	3	2	5
5	-	6	-					InF					0.656546	NaN	NaN	NaN	NaN	0.95436775	NaN					1.000000	0.000000	Inf	0.000000	Inf	1.0	V-I(AA:1)	0	0	1	0	1	0	1
545	529	544	545				1	InF					0.433959	NaN	NaN	NaN	NaN	0.95436775	InF					0.154822	0.789170	Inf	0.554551	Inf	1.0	V529F(CA:2);V529I(AA:1);V529A(AA:1)	2	0	2	0	4	0	4
546	530	545	546					2.660622	0.759020	9.326383	0.596957	11.858322	0.269482	NaN	NaN	NaN	NaN	0.95436775	InF					0.038761	1.595001	Inf	1.119690	Inf	1.0	A530V(AA:9,CC:2,CA:4)	4	0	9	2	13	2	15
36	20	27	10					0					0.656546	NaN	NaN	NaN	NaN	0.95436775	0					0.514578	0.000000	2.897329	0.000000	4.114898	1.0	V20I(AC:1)	0	1	0	0	0	1	1
37	21	28	11					InF					0.903371	NaN	NaN	NaN	NaN	0.95436775	NaN					1.000000	0.000000	Inf	0.000000	Inf	1.0	P21S(AA:1);P21Q(AA:1)	0	0	2	0	2	0	2
550	534	549	550					0.133929	0.019979	0.897808	0.013878	1.292448	0.162098	NaN	NaN	NaN	NaN	0.95436775	0					0.107836	0.000000	0.957282	0.000000	1.363652	1.0	F534V(AC:1);F534S(AA:1,AC:2)	0	3	1	0	1	3	4
40	24	31	14			1		InF					0.903371	NaN	NaN	NaN	NaN	0.95436775	InF					0.365318	0.393205	Inf	0.276582	Inf	1.0	T24M(AA:1);T24A(CA:1)	1	0	1	0	2	0	2
41	25	32	15					0.348650	0.147756	0.822688	0.125357	0.969686	0.082830	NaN	NaN	NaN	NaN	0.95436775	0.796875	0.224408	2.829707	0.176057	3.606848	0.808761	0.240312	2.645078	0.196574	3.233613	1.0	M25V(CC:1);I25T(CA:1);I25M(CC:2,AC:2);I25V(AA:4,CC:1,CA:2,AC:2)	3	4	4	4	7	8	15
43	27	34	17					InF					0.903371	NaN	NaN	NaN	NaN	0.95436775	NaN					1.000000	0.000000	Inf	0.000000	Inf	1.0	K27R(AA:1);K27E(AA:1)	0	0	2	0	2	0	2
556	540	556	557					InF					0.656546	NaN	NaN	NaN	NaN	0.95436775	NaN					1.000000	0.000000	Inf	0.000000	Inf	1.0	Q540L(AA:1)	0	0	1	0	1	0	1
557	541	557	558					0.809706	0.107662	6.089680	0.073158	8.961698	0.623134	NaN	NaN	NaN	NaN	0.95436775	0					0.514578	0.000000	2.897329	0.000000	4.114898	1.0	K541R(AA:1,AC:1);K541E(AA:1)	0	1	2	0	2	1	3
46	30	37	20					0.404337	0.039381	4.151415	0.025212	6.484531	0.903371	NaN	NaN	NaN	NaN	0.95436775	0					0.514578	0.000000	2.897329	0.000000	4.114898	1.0	A30T(AA:1,AC:1)	0	1	1	0	1	1	2
47	31	38	21					2.441592	0.411672	14.480889	0.292756	20.362912	0.655168	NaN	NaN	NaN	NaN	0.95436775	InF					0.075542	1.190081	Inf	0.835435	Inf	1.0	N31S(CA:1);D31H(CA:1);D31N(AA:1);N31D(CC:1,AA:2,CA:1)	3	0	3	1	6	1	7
49	33	40	23					0.402813	0.104675	1.550122	0.080867	2.006491	0.501509	NaN	NaN	NaN	NaN	0.95436775	0.352234	0.052336	2.370628	0.036328	3.415252	0.529489	0.064379	1.932948	0.049994	2.494077	1.0	R33Q(AA:2,AC:3);Q33R(CA:1)	1	3	2	0	3	3	6
50	34	41	24					0					0.176630	NaN	NaN	NaN	NaN	0.95436775	0					0.224386	0.000000	1.442154	0.000000	2.052301	1.0	I34T(AC:2)	0	2	0	0	0	2	2
564	548	564	565					0.404337	0.039381	4.151415	0.025212	6.484531	0.903371	NaN	NaN	NaN	NaN	0.95436775	NaN					1.000000	0.000000	Inf	0.000000	Inf	1.0	I548F(AA:1);I548H(CC:1)	0	0	1	1	1	1	2
54	38	45	28					0.809706	0.107662	6.089680	0.073158	8.961698	0.623134	NaN	NaN	NaN	NaN	0.95436775	0					0.514578	0.000000	2.897329	0.000000	4.114898	1.0	T38N(AA:2,AC:1)	0	1	2	0	2	1	3
9	-	10	-					3.263835	0.568176	18.748801	0.406533	26.203596	0.393524	NaN	NaN	NaN	NaN	0.95436775	4.335079	0.683987	27.475546	0.480267	39.130114	0.178069	0.825481	22.675168	0.642323	29.111856	1.0	C-Y(CA:1,AC:1);Y-H(AA:2,CA:2);Y-C(AA:2,CA:1)	4	1	4	0	8	1	9
56	40	47	30					InF					0.656546	NaN	NaN	NaN	NaN	0.95436775	InF					0.365318	0.393205	Inf	0.276582	Inf	1.0	I40T(CA:1)	1	0	0	0	1	0	1
60	44	51	34					InF					0.903371	NaN	NaN	NaN	NaN	0.95436775	InF					0.154822	0.789170	Inf	0.554551	Inf	1.0	Q44H(CA:1);H44Q(CA:1)	2	0	0	0	2	0	2
61	45	52	35			1	1	0.606138	0.134483	2.731971	0.100798	3.644953	0.954037	NaN	NaN	NaN	NaN	0.957692013027	0					0.224386	0.000000	1.442154	0.000000	2.052301	1.0	N45S(AA:1);S45N(AA:1,AC:2);N45D(AA:1)	0	2	3	0	3	2	5
62	46	53	36			1		0.404337	0.039381	4.151415	0.025212	6.484531	0.903371	NaN	NaN	NaN	NaN	0.95436775	0					0.514578	0.000000	2.897329	0.000000	4.114898	1.0	S46P(AA:1);S46F(AC:1)	0	1	1	0	1	1	2
64	48	55	38				1	0.809219	0.193881	3.377519	0.147472	4.440409	0.833160	NaN	NaN	NaN	NaN	0.95436775	1.067358	0.204324	5.575710	0.148879	7.652225	0.999521	0.235412	4.839387	0.185946	6.126785	1.0	I48M(CA:1);T48K(AA:1);T48I(AA:1);T48A(AC:2);I48K(CA:1)	2	2	2	0	4	2	6
65	49	56	39		C			InF					0.433959	NaN	NaN	NaN	NaN	0.95436775	InF					0.075542	1.190081	Inf	0.835435	Inf	1.0	G49S(AA:1);D49G(CA:1);G49C(CA:1);G49D(CA:1)	3	0	1	0	4	0	4
66	50	57	40		C			InF					0.433959	NaN	NaN	NaN	NaN	0.95436775	InF					0.365318	0.393205	Inf	0.276582	Inf	1.0	E50K(AA:3);V50E(CA:1)	1	0	3	0	4	0	4
67	51	58	41					0.404337	0.039381	4.151415	0.025212	6.484531	0.903371	NaN	NaN	NaN	NaN	0.95436775	NaN					1.000000	0.000000	Inf	0.000000	Inf	1.0	I51M(CC:1);I51V(AA:1)	0	0	1	1	1	1	2
69	53	60	43		C			0.670968	0.284894	1.580230	0.241794	1.861907	0.627749	NaN	NaN	NaN	NaN	0.95436775	1.619048	0.552714	4.742624	0.449905	5.826370	0.530590	0.576371	4.547964	0.481469	5.433539	1.0	D53G(AA:2,CA:2);N53D(AA:1,CA:1);D53H(CA:1);D53N(CC:2,AA:1,AC:2,CA:2);G53D(AC:1);N53T(AC:1)	6	4	4	2	10	6	16
70	54	61	44		C			InF					0.656546	NaN	NaN	NaN	NaN	0.95436775	InF					0.365318	0.393205	Inf	0.276582	Inf	1.0	S54R(CA:1)	1	0	0	0	1	0	1
72	56	64	52					0					0.656546	NaN	NaN	NaN	NaN	0.95436775	0					0.514578	0.000000	2.897329	0.000000	4.114898	1.0	H56Y(AC:1)	0	1	0	0	0	1	1
73	57	65	53					0.606138	0.134483	2.731971	0.100798	3.644953	0.954037	NaN	NaN	NaN	NaN	0.957692013027	1.067010	0.103589	10.990621	0.066277	17.178013	0.999969	0.145511	7.824207	0.110321	10.320003	1.0	Q57K(AA:2);Q57L(CC:1,AC:1,CA:1)	1	1	2	1	3	2	5
74	58	66	54					0					0.003911	NaN	NaN	NaN	NaN	0.816675484	0					0.224386	0.000000	1.442154	0.000000	2.052301	1.0	I58V(CC:2,AC:2);V58I(CC:1)	0	2	0	3	0	5	5
75	59	67	55					0					0.176630	NaN	NaN	NaN	NaN	0.95436775	0					0.224386	0.000000	1.442154	0.000000	2.052301	1.0	L59I(AC:1);I59L(AC:1)	0	2	0	0	0	2	2
78	62	70	58		E			1.012821	0.254633	4.028561	0.195477	5.247716	0.692794	NaN	NaN	NaN	NaN	0.95436775	InF					0.038761	1.595001	Inf	1.119690	Inf	1.0	E62G(CC:1);G62E(CA:2);E62K(CC:1,AA:1,CA:2)	4	0	1	2	5	2	7
79	63	71	59		E	1		InF					0.903371	NaN	NaN	NaN	NaN	0.95436775	NaN					1.000000	0.000000	Inf	0.000000	Inf	1.0	K63N(AA:1);N63K(AA:1)	0	0	2	0	2	0	2
82	66	74	62					0					0.656546	NaN	NaN	NaN	NaN	0.95436775	NaN					1.000000	0.000000	Inf	0.000000	Inf	1.0	L66I(CC:1)	0	0	0	1	0	1	1
83	67	75	63					InF					0.623134	NaN	NaN	NaN	NaN	0.95436775	NaN					1.000000	0.000000	Inf	0.000000	Inf	1.0	I67V(AA:1);I67M(AA:2)	0	0	3	0	3	0	3
526	510	525	524				1	InF					0.656546	NaN	NaN	NaN	NaN	0.95436775	InF					0.365318	0.393205	Inf	0.276582	Inf	1.0	G510W(CA:1)	1	0	0	0	1	0	1
91	75	83	71		E			4.505168	0.805398	25.200647	0.579207	35.041963	0.174008	NaN	NaN	NaN	NaN	0.95436775	InF					0.011419	2.419755	Inf	1.698666	Inf	1.0	Q75H(AA:2,CC:1,CA:6);H75Q(AA:3)	6	0	5	1	11	1	12
93	77	85	73					InF					0.656546	NaN	NaN	NaN	NaN	0.95436775	NaN					1.000000	0.000000	Inf	0.000000	Inf	1.0	D77E(AA:1)	0	0	1	0	1	0	1
94	78	86	74		E			0.604621	0.207905	1.758337	0.169468	2.157149	0.671118	NaN	NaN	NaN	NaN	0.95436775	1.798246	0.534783	6.046729	0.423961	7.627329	0.530589	0.567242	5.689336	0.466792	6.913639	1.0	G78D(AC:2,CA:1);D78G(CC:1,CA:3);G78S(AA:1,AC:1);S78G(CA:1)	5	3	1	1	6	4	10
95	79	87	75		E			InF					0.623134	NaN	NaN	NaN	NaN	0.95436775	NaN					1.000000	0.000000	Inf	0.000000	Inf	1.0	F79L(AA:3)	0	0	3	0	3	0	3
97	81	89	77		E			0.404337	0.039381	4.151415	0.025212	6.484531	0.903371	NaN	NaN	NaN	NaN	0.95436775	1.067010	0.103589	10.990621	0.066277	17.178013	0.999969	0.145511	7.824207	0.110321	10.320003	1.0	D81N(AC:1);N81D(CA:1)	1	1	0	0	1	1	2
98	82	91	79		E			InF					0.656546	NaN	NaN	NaN	NaN	0.95436775	NaN					1.000000	0.000000	Inf	0.000000	Inf	1.0	K82N(AA:1)	0	0	1	0	1	0	1
99	83	92	80		E			0.809706	0.107662	6.089680	0.073158	8.961698	0.623134	NaN	NaN	NaN	NaN	0.95436775	2.145078	0.284153	16.193239	0.192950	23.847369	0.598950	0.360490	12.738680	0.277715	16.519031	1.0	K83E(AC:1);K83T(CA:1);K83R(CA:1)	2	1	0	0	2	1	3
104	88	97	85					0					0.656546	NaN	NaN	NaN	NaN	0.95436775	0					0.514578	0.000000	2.897329	0.000000	4.114898	1.0	V88I(AC:1)	0	1	0	0	0	1	1
107	91	100	88		E			2.032051	0.334108	12.358957	0.236456	17.462987	0.833160	NaN	NaN	NaN	NaN	0.95436775	InF					0.154822	0.789170	Inf	0.554551	Inf	1.0	N91S(AA:2);S91N(AA:1,CA:1);S91G(CC:1,CA:1)	2	0	3	1	5	1	6
108	92	101	89		E			1.216945	0.316236	4.683070	0.244309	6.061801	0.880420	NaN	NaN	NaN	NaN	0.95436775	1.067010	0.103589	10.990621	0.066277	17.178013	0.999969	0.145511	7.824207	0.110321	10.320003	1.0	K92E(CC:1);K92R(AA:5,AC:1,CA:1)	1	1	5	1	6	2	8
110	94	103	91					1.217784	0.404490	3.666333	0.327529	4.527834	0.979399	NaN	NaN	NaN	NaN	0.9793987	0.530928	0.070331	4.007977	0.047757	5.902443	0.682543	0.089403	3.159258	0.068944	4.100901	1.0	Y94S(AA:1);Y94H(AA:3,CC:1,AC:2);Y94F(CA:1);H94Y(AA:4)	1	2	8	1	9	3	12
112	96	105	-					0					0.656546	NaN	NaN	NaN	NaN	0.95436775	0					0.514578	0.000000	2.897329	0.000000	4.114898	1.0	N96D(AC:1)	0	1	0	0	0	1	1
531	515	530	531					0.809706	0.107662	6.089680	0.073158	8.961698	0.623134	NaN	NaN	NaN	NaN	0.95436775	NaN					1.000000	0.000000	Inf	0.000000	Inf	1.0	I515V(AA:1,CC:1);V515I(AA:1)	0	0	2	1	2	1	3
117	101	111	97				1	InF					0.656546	NaN	NaN	NaN	NaN	0.95436775	NaN					1.000000	0.000000	Inf	0.000000	Inf	1.0	D101Y(AA:1)	0	0	1	0	1	0	1
119	103	113	99				1	InF					0.656546	NaN	NaN	NaN	NaN	0.95436775	InF					0.365318	0.393205	Inf	0.276582	Inf	1.0	P103S(CA:1)	1	0	0	0	1	0	1
120	104	114	100					InF					0.623134	NaN	NaN	NaN	NaN	0.95436775	NaN					1.000000	0.000000	Inf	0.000000	Inf	1.0	D104N(AA:3)	0	0	3	0	3	0	3
532	516	531	532					InF					0.623134	NaN	NaN	NaN	NaN	0.95436775	InF					0.154822	0.789170	Inf	0.554551	Inf	1.0	L516R(CA:1);L516I(AA:1);L516Q(CA:1)	2	0	1	0	3	0	3
122	106	116	102					InF					0.903371	NaN	NaN	NaN	NaN	0.95436775	NaN					1.000000	0.000000	Inf	0.000000	Inf	1.0	A106V(AA:1);V106A(AA:1)	0	0	2	0	2	0	2
38	22	29	12			1		InF					0.656546	NaN	NaN	NaN	NaN	0.95436775	NaN					1.000000	0.000000	Inf	0.000000	Inf	1.0	N22D(AA:1)	0	0	1	0	1	0	1
124	108	118	104					InF					0.656546	NaN	NaN	NaN	NaN	0.95436775	NaN					1.000000	0.000000	Inf	0.000000	Inf	1.0	L108F(AA:1)	0	0	1	0	1	0	1
128	112	125	111					2.441592	0.411672	14.480889	0.292756	20.362912	0.655168	NaN	NaN	NaN	NaN	0.95436775	InF					0.365318	0.393205	Inf	0.276582	Inf	1.0	V112A(CC:1);V112I(AA:5,CA:1)	1	0	5	1	6	1	7
130	114	127	113					0.404337	0.039381	4.151415	0.025212	6.484531	0.903371	NaN	NaN	NaN	NaN	0.95436775	NaN					1.000000	0.000000	Inf	0.000000	Inf	1.0	S114T(AA:1);S114A(CC:1)	0	0	1	1	1	1	2
134	118	131	117					0					0.656546	NaN	NaN	NaN	NaN	0.95436775	NaN					1.000000	0.000000	Inf	0.000000	Inf	1.0	L118M(CC:1)	0	0	0	1	0	1	1
135	119	132	118					InF					0.656546	NaN	NaN	NaN	NaN	0.95436775	NaN					1.000000	0.000000	Inf	0.000000	Inf	1.0	E119D(AA:1)	0	0	1	0	1	0	1
137	121	134	120		A			0.227547	0.080674	0.641814	0.066145	0.782788	0.036033	NaN	NaN	NaN	NaN	0.95436775	0					0.017240	0.000000	0.471280	0.000000	0.671340	1.0	N121I(AA:1);N121T(AA:1);D121N(AA:1,AC:1);N121S(AA:1,AC:2);N121K(CC:1,AC:3)	0	6	4	1	4	7	11
138	122	135	121		A	1		0.200511	0.048040	0.836906	0.036540	1.100280	0.131874	NaN	NaN	NaN	NaN	0.95436775	0.352234	0.052336	2.370628	0.036328	3.415252	0.529489	0.064379	1.932948	0.049994	2.494077	1.0	N122S(AC:1);N122T(AC:1);D122N(CA:1);N122Y(CC:1,AC:1);N122H(AA:1)	1	3	1	1	2	4	6
140	124	137	128		A	1		1.115633	0.424291	2.933455	0.352586	3.530025	0.920111	NaN	NaN	NaN	NaN	0.957692013027	0.708117	0.156319	3.207731	0.117052	4.283834	0.775305	0.174854	2.870576	0.139779	3.594484	1.0	N124S(AA:1);S124R(AA:3,CC:1,CA:1);S124G(AC:1);S124N(AA:5,AC:2,CA:1)	2	3	9	1	11	4	15
144	128	141	132		A	1		1.216113	0.181413	8.152275	0.126020	11.735658	0.708513	NaN	NaN	NaN	NaN	0.95436775	1.067010	0.103589	10.990621	0.066277	17.178013	0.999969	0.145511	7.824207	0.110321	10.320003	1.0	T128A(AA:2,AC:1,CA:1)	1	1	2	0	3	1	4
145	129	142	133		A		1	InF					0.656546	NaN	NaN	NaN	NaN	0.95436775	NaN					1.000000	0.000000	Inf	0.000000	Inf	1.0	G129E(AA:1)	0	0	1	0	1	0	1
146	130	143	134					InF					0.656546	NaN	NaN	NaN	NaN	0.95436775	InF					0.365318	0.393205	Inf	0.276582	Inf	1.0	V130A(CA:1)	1	0	0	0	1	0	1
147	131	144	-	1	A		1	InF					0.656546	NaN	NaN	NaN	NaN	0.95436775	InF					0.365318	0.393205	Inf	0.276582	Inf	1.0	T131K(CA:1)	1	0	0	0	1	0	1
149	133	146	136	1	A	1	1	0.404337	0.039381	4.151415	0.025212	6.484531	0.903371	NaN	NaN	NaN	NaN	0.95436775	0					0.514578	0.000000	2.897329	0.000000	4.114898	1.0	N133D(AA:1,AC:1)	0	1	1	0	1	1	2
151	135	149	139	1	A	1		InF					0.623134	NaN	NaN	NaN	NaN	0.95436775	NaN					1.000000	0.000000	Inf	0.000000	Inf	1.0	T135A(AA:2);T135K(AA:1)	0	0	3	0	3	0	3
152	136	150	140	1	A			0					0.656546	NaN	NaN	NaN	NaN	0.95436775	0					0.514578	0.000000	2.897329	0.000000	4.114898	1.0	S136R(AC:1)	0	1	0	0	0	1	1
154	138	152	142	1	A			3.263835	0.568176	18.748801	0.406533	26.203596	0.393524	NaN	NaN	NaN	NaN	0.95436775	NaN					1.000000	0.000000	Inf	0.000000	Inf	1.0	A138S(AA:8,CC:1)	0	0	8	1	8	1	9
156	140	154	144	1	A		1	0.601552	0.281625	1.284918	0.243532	1.485904	0.399539	NaN	NaN	NaN	NaN	0.95436775	1.619048	0.552714	4.742624	0.449905	5.826370	0.530590	0.576371	4.547964	0.481469	5.433539	1.0	I140L(CA:1);I140K(AA:1,CC:1);T140I(AC:1);I140M(CC:1,AA:3,CA:1,AC:2);I140T(AA:2,CA:2);M140I(CC:1,CA:2);I140V(AC:1);V140I(CC:1)	6	4	6	4	12	8	20
26	10	-	-			1		4.921087	0.885013	27.363533	0.637190	38.006075	0.131230	NaN	NaN	NaN	NaN	0.95436775	2.145078	0.284153	16.193239	0.192950	23.847369	0.598950	0.360490	12.738680	0.277715	16.519031	1.0	T10A(AA:1,CA:1);T10R(AA:1);T10M(AA:8,AC:1,CA:1)	2	1	10	0	12	1	13
158	142	156	147		A		1	2.869001	0.823342	9.997271	0.648282	12.696896	0.212729	NaN	NaN	NaN	NaN	0.95436775	2.145078	0.284153	16.193239	0.192950	23.847369	0.598950	0.360490	12.738680	0.277715	16.519031	1.0	R142G(AA:6,CC:1);G142R(AA:2);R142S(AC:1);R142K(AA:4,CA:2)	2	1	12	1	14	2	16
159	143	157	148		A			InF					0.623134	NaN	NaN	NaN	NaN	0.95436775	NaN					1.000000	0.000000	Inf	0.000000	Inf	1.0	F143S(AA:2);S143T(AA:1)	0	0	3	0	3	0	3
160	144	158	149	1	A	1	1	0.266325	0.091577	0.774534	0.074646	0.950211	0.082759	NaN	NaN	NaN	NaN	0.95436775	0.796875	0.224408	2.829707	0.176057	3.606848	0.808761	0.240312	2.645078	0.196574	3.233613	1.0	N144K(AA:1,CC:1);N144H(CA:1);D144N(AC:1,CA:1);R144K(CC:1);N144D(CA:1,AC:3)	3	4	1	2	4	6	10
161	145	159	150	1	A		1	0.809219	0.193881	3.377519	0.147472	4.440409	0.833160	NaN	NaN	NaN	NaN	0.95436775	0					0.224386	0.000000	1.442154	0.000000	2.052301	1.0	N145S(AC:2);N145D(AA:2);S145R(AA:1);N145K(AA:1)	0	2	4	0	4	2	6
166	150	164	155					InF					0.903371	NaN	NaN	NaN	NaN	0.95436775	NaN					1.000000	0.000000	Inf	0.000000	Inf	1.0	R150K(AA:2)	0	0	2	0	2	0	2
540	524	539	540					0.404337	0.039381	4.151415	0.025212	6.484531	0.903371	NaN	NaN	NaN	NaN	0.95436775	NaN					1.000000	0.000000	Inf	0.000000	Inf	1.0	C524S(AA:1,CC:1)	0	0	1	1	1	1	2
172	156	170	161	1	B		1	0.201531	0.026796	1.515690	0.018209	2.230523	0.440710	NaN	NaN	NaN	NaN	0.95436775	1.067010	0.103589	10.990621	0.066277	17.178013	0.999969	0.145511	7.824207	0.110321	10.320003	1.0	H156Q(CC:1,CA:1,AC:1)	1	1	0	1	1	2	3
173	157	171	162	1	B		1	InF					0.149938	NaN	NaN	NaN	NaN	0.95436775	InF					0.075542	1.190081	Inf	0.835435	Inf	1.0	L157S(AA:4,CA:3)	3	0	4	0	7	0	7
174	158	172	163	1	B	1	1	InF					0.303720	NaN	NaN	NaN	NaN	0.95436775	InF					0.154822	0.789170	Inf	0.554551	Inf	1.0	N158K(AA:1,CA:1);K158R(CA:1);N158S(AA:2)	2	0	3	0	5	0	5
175	159	173	165	1	B		1	1.623560	0.257225	10.247632	0.180756	14.582929	0.954037	NaN	NaN	NaN	NaN	0.957692013027	InF					0.365318	0.393205	Inf	0.276582	Inf	1.0	F159S(AA:1);F159Y(AA:1);S159F(CC:1,AA:1,CA:1)	1	0	3	1	4	1	5
176	160	174	167		B	1		1.737630	0.691943	4.363597	0.580091	5.204977	0.436437	NaN	NaN	NaN	NaN	0.95436775	1.431065	0.403001	5.081735	0.316169	6.477370	0.719553	0.431133	4.745407	0.352664	5.801269	1.0	I160K(AA:2);T160K(AA:10,AC:2,CA:3);K160R(AC:1);T160I(CC:1,AA:1,CA:1)	4	3	13	1	17	4	21
178	162	176	169					InF					0.656546	NaN	NaN	NaN	NaN	0.95436775	InF					0.365318	0.393205	Inf	0.276582	Inf	1.0	P162T(CA:1)	1	0	0	0	1	0	1
183	167	181	175		D			InF					0.656546	NaN	NaN	NaN	NaN	0.95436775	NaN					1.000000	0.000000	Inf	0.000000	Inf	1.0	T167S(AA:1)	0	0	1	0	1	0	1
184	168	182	176					0					0.176630	NaN	NaN	NaN	NaN	0.95436775	0					0.514578	0.000000	2.897329	0.000000	4.114898	1.0	M168I(CC:1);M168V(AC:1)	0	1	0	1	0	2	2
187	171	185	179					1.216113	0.181413	8.152275	0.126020	11.735658	0.708513	NaN	NaN	NaN	NaN	0.95436775	InF					0.154822	0.789170	Inf	0.554551	Inf	1.0	N171K(AA:1);S171N(CC:1,CA:2)	2	0	1	1	3	1	4
188	172	186	180					InF					0.433959	NaN	NaN	NaN	NaN	0.95436775	InF					0.365318	0.393205	Inf	0.276582	Inf	1.0	E172G(AA:3,CA:1)	1	0	3	0	4	0	4
189	173	187	181					0.809706	0.107662	6.089680	0.073158	8.961698	0.623134	NaN	NaN	NaN	NaN	0.95436775	InF					0.154822	0.789170	Inf	0.554551	Inf	1.0	Q173H(CC:1,CA:1);Q173K(CA:1)	2	0	0	1	2	1	3
190	174	188	182					InF					0.656546	NaN	NaN	NaN	NaN	0.95436775	NaN					1.000000	0.000000	Inf	0.000000	Inf	1.0	F174Y(AA:1)	0	0	1	0	1	0	1
191	175	189	183					InF					0.656546	NaN	NaN	NaN	NaN	0.95436775	NaN					1.000000	0.000000	Inf	0.000000	Inf	1.0	D175N(AA:1)	0	0	1	0	1	0	1
193	177	191	185					InF					0.656546	NaN	NaN	NaN	NaN	0.95436775	NaN					1.000000	0.000000	Inf	0.000000	Inf	1.0	L177M(AA:1)	0	0	1	0	1	0	1
195	179	193	187					0					0.176630	NaN	NaN	NaN	NaN	0.95436775	0					0.224386	0.000000	1.442154	0.000000	2.052301	1.0	I179V(AC:2)	0	2	0	0	0	2	2
198	182	196	190					1.216113	0.181413	8.152275	0.126020	11.735658	0.708513	NaN	NaN	NaN	NaN	0.95436775	NaN					1.000000	0.000000	Inf	0.000000	Inf	1.0	V182I(AA:3,CC:1)	0	0	3	1	3	1	4
202	186	200	193	1	B			1.623560	0.257225	10.247632	0.180756	14.582929	0.954037	NaN	NaN	NaN	NaN	0.957692013027	1.067010	0.103589	10.990621	0.066277	17.178013	0.999969	0.145511	7.824207	0.110321	10.320003	1.0	G186R(AC:1);G186S(AA:1);G186V(AA:1,CA:1);G186D(AA:1)	1	1	3	0	4	1	5
204	188	202	195	1	B		1	InF					0.623134	NaN	NaN	NaN	NaN	0.95436775	NaN					1.000000	0.000000	Inf	0.000000	Inf	1.0	D188N(AA:1);D188E(AA:2)	0	0	3	0	3	0	3
34	18	25	8					InF					0.903371	NaN	NaN	NaN	NaN	0.95436775	InF					0.365318	0.393205	Inf	0.276582	Inf	1.0	H18Y(CA:1);H18Q(AA:1)	1	0	1	0	2	0	2
205	189	203	196	1	B			InF					0.623134	NaN	NaN	NaN	NaN	0.95436775	NaN					1.000000	0.000000	Inf	0.000000	Inf	1.0	N189S(AA:1);R189K(AA:1);K189N(AA:1)	0	0	3	0	3	0	3
208	192	206	199	1	B		1	0.537772	0.152362	1.898108	0.119672	2.416596	0.692794	NaN	NaN	NaN	NaN	0.95436775	0.708117	0.156319	3.207731	0.117052	4.283834	0.775305	0.174854	2.870576	0.139779	3.594484	1.0	I192V(AA:1,CA:1,AC:1);I192L(AC:1);V192I(AC:1);I192T(AA:1,CA:1)	2	3	2	0	4	3	7
209	193	207	200	1	B		1	0.606138	0.134483	2.731971	0.100798	3.644953	0.954037	NaN	NaN	NaN	NaN	0.957692013027	0					0.514578	0.000000	2.897329	0.000000	4.114898	1.0	Y193F(AA:2);F193S(CC:1);F193Y(AA:1,AC:1)	0	1	3	1	3	2	5
210	194	208	201	1	B			0.809219	0.193881	3.377519	0.147472	4.440409	0.833160	NaN	NaN	NaN	NaN	0.95436775	1.067010	0.103589	10.990621	0.066277	17.178013	0.999969	0.145511	7.824207	0.110321	10.320003	1.0	L194P(AA:2,CC:1,AC:1);P194L(AA:1,CA:1)	1	1	3	1	4	2	6
211	195	209	202	1				InF					0.656546	NaN	NaN	NaN	NaN	0.95436775	NaN					1.000000	0.000000	Inf	0.000000	Inf	1.0	Y195H(AA:1)	0	0	1	0	1	0	1
213	197	211	204		B		1	0.403576	0.077611	2.098575	0.056600	2.877603	0.708513	NaN	NaN	NaN	NaN	0.95436775	1.067010	0.103589	10.990621	0.066277	17.178013	0.999969	0.145511	7.824207	0.110321	10.320003	1.0	Q197R(CC:1,AC:1);Q197K(AA:1,CA:1)	1	1	1	1	2	2	4
214	198	212	205		B		1	0.739018	0.318364	1.715480	0.270951	2.015669	0.749320	NaN	NaN	NaN	NaN	0.95436775	0.420725	0.105191	1.682754	0.080667	2.194327	0.327056	0.114924	1.543316	0.092979	1.911381	1.0	A198S(AC:1);S198P(AA:8,CC:1,AC:4);P198S(CA:2);S198T(AA:1)	2	5	9	1	11	6	17
215	199	213	206		B			InF					0.656546	NaN	NaN	NaN	NaN	0.95436775	NaN					1.000000	0.000000	Inf	0.000000	Inf	1.0	S199P(AA:1)	0	0	1	0	1	0	1
7	-	8	-					0.404337	0.039381	4.151415	0.025212	6.484531	0.903371	NaN	NaN	NaN	NaN	0.95436775	0					0.514578	0.000000	2.897329	0.000000	4.114898	1.0	V-L(AC:1);L-V(AA:1)	0	1	1	0	1	1	2
217	201	215	209		D			0.809706	0.107662	6.089680	0.073158	8.961698	0.623134	NaN	NaN	NaN	NaN	0.95436775	1.067010	0.103589	10.990621	0.066277	17.178013	0.999969	0.145511	7.824207	0.110321	10.320003	1.0	R201G(AC:1);R201K(AA:1,CA:1)	1	1	1	0	2	1	3
218	202	216	210		D			InF					0.903371	NaN	NaN	NaN	NaN	0.95436775	NaN					1.000000	0.000000	Inf	0.000000	Inf	1.0	I202T(AA:1);V202I(AA:1)	0	0	2	0	2	0	2
224	208	222	216					InF					0.623134	NaN	NaN	NaN	NaN	0.95436775	NaN					1.000000	0.000000	Inf	0.000000	Inf	1.0	R208G(AA:1);R208K(AA:1);R208I(AA:1)	0	0	3	0	3	0	3
225	209	223	217					InF					0.903371	NaN	NaN	NaN	NaN	0.95436775	NaN					1.000000	0.000000	Inf	0.000000	Inf	1.0	S209N(AA:2)	0	0	2	0	2	0	2
228	212	226	220					2.032051	0.334108	12.358957	0.236456	17.462987	0.833160	NaN	NaN	NaN	NaN	0.95436775	2.145078	0.284153	16.193239	0.192950	23.847369	0.598950	0.360490	12.738680	0.277715	16.519031	1.0	A212T(CA:2);A212S(AA:3,AC:1)	2	1	3	0	5	1	6
229	213	227	221					0					0.656546	NaN	NaN	NaN	NaN	0.95436775	0					0.514578	0.000000	2.897329	0.000000	4.114898	1.0	V213I(AC:1)	0	1	0	0	0	1	1
230	214	228	222		D			InF					0.433959	NaN	NaN	NaN	NaN	0.95436775	InF					0.365318	0.393205	Inf	0.276582	Inf	1.0	I214T(AA:1);I214V(AA:2,CA:1)	1	0	3	0	4	0	4
232	216	230	224		D			0.100128	0.015863	0.632000	0.011147	0.899373	0.056520	NaN	NaN	NaN	NaN	0.95436775	0					0.054716	0.000000	0.714258	0.000000	1.017463	1.0	N216H(AC:2);N216S(AA:1,AC:2)	0	4	1	0	1	4	5
233	217	231	225		D			0					0.656546	NaN	NaN	NaN	NaN	0.95436775	0					0.514578	0.000000	2.897329	0.000000	4.114898	1.0	I217V(AC:1)	0	1	0	0	0	1	1
235	219	233	227	1	D			0.809706	0.107662	6.089680	0.073158	8.961698	0.623134	NaN	NaN	NaN	NaN	0.95436775	NaN					1.000000	0.000000	Inf	0.000000	Inf	1.0	S219F(CC:1);S219Y(AA:2)	0	0	2	1	2	1	3
236	220	234	228	1	D			InF					0.656546	NaN	NaN	NaN	NaN	0.95436775	NaN					1.000000	0.000000	Inf	0.000000	Inf	1.0	R220K(AA:1)	0	0	1	0	1	0	1
237	221	235	229	1				0.739018	0.318364	1.715480	0.270951	2.015669	0.749320	NaN	NaN	NaN	NaN	0.95436775	1.798246	0.534783	6.046729	0.423961	7.627329	0.530589	0.567242	5.689336	0.466792	6.913639	1.0	P221L(CC:3,AA:5,CA:2);L221P(CA:3);P221H(AC:2);P221T(AA:1,AC:1)	5	3	6	3	11	6	17
238	222	236	230	1	D		1	1.216113	0.181413	8.152275	0.126020	11.735658	0.708513	NaN	NaN	NaN	NaN	0.95436775	NaN					1.000000	0.000000	Inf	0.000000	Inf	1.0	R222K(AA:1,CC:1);K222R(AA:2)	0	0	3	1	3	1	4
239	223	237	231	1	D			1.012821	0.254633	4.028561	0.195477	5.247716	0.692794	NaN	NaN	NaN	NaN	0.95436775	1.067010	0.103589	10.990621	0.066277	17.178013	0.999969	0.145511	7.824207	0.110321	10.320003	1.0	I223V(AA:3);I223T(AA:1,AC:1);V223I(CC:1,CA:1)	1	1	4	1	5	2	7
241	225	239	238	1	D		1	1.302471	0.556697	3.047314	0.473076	3.585960	0.785473	NaN	NaN	NaN	NaN	0.95436775	0.708117	0.156319	3.207731	0.117052	4.283834	0.775305	0.174854	2.870576	0.139779	3.594484	1.0	D225N(AA:2,AC:1);N225D(AA:12,CC:2,AC:2,CA:2)	2	3	14	2	16	5	21
243	227	241	240	1	D		1	InF					0.656546	NaN	NaN	NaN	NaN	0.95436775	NaN					1.000000	0.000000	Inf	0.000000	Inf	1.0	P227S(AA:1)	0	0	1	0	1	0	1
246	230	244	243					0.201531	0.026796	1.515690	0.018209	2.230523	0.440710	NaN	NaN	NaN	NaN	0.95436775	NaN					1.000000	0.000000	Inf	0.000000	Inf	1.0	V230I(CC:1,AA:1);I230V(CC:1)	0	0	1	2	1	2	3
252	236	250	249					InF					0.623134	NaN	NaN	NaN	NaN	0.95436775	InF					0.365318	0.393205	Inf	0.276582	Inf	1.0	I236T(AA:1);I236V(AA:1,CA:1)	1	0	2	0	3	0	3
255	239	253	252					InF					0.656546	NaN	NaN	NaN	NaN	0.95436775	NaN					1.000000	0.000000	Inf	0.000000	Inf	1.0	P239S(AA:1)	0	0	1	0	1	0	1
258	242	256	255		D			1.216113	0.181413	8.152275	0.126020	11.735658	0.708513	NaN	NaN	NaN	NaN	0.95436775	0					0.514578	0.000000	2.897329	0.000000	4.114898	1.0	I242V(AA:1,AC:1);I242M(AA:2)	0	1	3	0	3	1	4
260	244	258	257					InF					0.656546	NaN	NaN	NaN	NaN	0.95436775	InF					0.365318	0.393205	Inf	0.276582	Inf	1.0	L244F(CA:1)	1	0	0	0	1	0	1
261	245	259	258					InF					0.656546	NaN	NaN	NaN	NaN	0.95436775	InF					0.365318	0.393205	Inf	0.276582	Inf	1.0	I245F(CA:1)	1	0	0	0	1	0	1
262	246	260	259		B	1		0.404337	0.039381	4.151415	0.025212	6.484531	0.903371	NaN	NaN	NaN	NaN	0.95436775	0					0.514578	0.000000	2.897329	0.000000	4.114898	1.0	N246H(AC:1);N246S(AA:1)	0	1	1	0	1	1	2
264	248	262	261			1		InF					0.656546	NaN	NaN	NaN	NaN	0.95436775	NaN					1.000000	0.000000	Inf	0.000000	Inf	1.0	T248I(AA:1)	0	0	1	0	1	0	1
269	253	267	266					InF					0.656546	NaN	NaN	NaN	NaN	0.95436775	InF					0.365318	0.393205	Inf	0.276582	Inf	1.0	A253G(CA:1)	1	0	0	0	1	0	1
270	254	268	267					InF					0.656546	NaN	NaN	NaN	NaN	0.95436775	InF					0.365318	0.393205	Inf	0.276582	Inf	1.0	P254C(CA:1)	1	0	0	0	1	0	1
275	259	273	272					InF					0.656546	NaN	NaN	NaN	NaN	0.95436775	NaN					1.000000	0.000000	Inf	0.000000	Inf	1.0	K259R(AA:1)	0	0	1	0	1	0	1
276	260	274	273					0.268199	0.059504	1.208830	0.044600	1.612805	0.319079	NaN	NaN	NaN	NaN	0.95436775	0					0.107836	0.000000	0.957282	0.000000	1.363652	1.0	I260L(AC:1);I260V(AA:1);I260M(AC:1);V260I(AA:1,AC:1)	0	3	2	0	2	3	5
277	261	276	-					1.623560	0.257225	10.247632	0.180756	14.582929	0.954037	NaN	NaN	NaN	NaN	0.957692013027	2.145078	0.284153	16.193239	0.192950	23.847369	0.598950	0.360490	12.738680	0.277715	16.519031	1.0	R261L(AA:1);R261Q(AA:1);Q261R(CA:2,AC:1)	2	1	2	0	4	1	5
278	262	277	274				1	0.944730	0.302003	2.955315	0.242755	3.676611	0.785290	NaN	NaN	NaN	NaN	0.95436775	3.234375	0.480569	21.768320	0.333577	31.360626	0.305955	0.589388	17.696094	0.456784	22.787622	1.0	H262N(AA:1);S262H(AA:1);S262G(AA:1);S262N(CC:2,AA:1,CA:3,AC:1)	3	1	4	2	7	3	10
280	264	279	276					0.403576	0.077611	2.098575	0.056600	2.877603	0.708513	NaN	NaN	NaN	NaN	0.95436775	0					0.514578	0.000000	2.897329	0.000000	4.114898	1.0	K264E(AA:1);K264R(AA:1,CC:1);E264K(AC:1)	0	1	2	1	2	2	4
283	267	282	279					InF					0.656546	NaN	NaN	NaN	NaN	0.95436775	NaN					1.000000	0.000000	Inf	0.000000	Inf	1.0	V267I(AA:1)	0	0	1	0	1	0	1
284	268	283	280					InF					0.656546	NaN	NaN	NaN	NaN	0.95436775	NaN					1.000000	0.000000	Inf	0.000000	Inf	1.0	M268V(AA:1)	0	0	1	0	1	0	1
285	269	284	281				1	InF					0.903371	NaN	NaN	NaN	NaN	0.95436775	NaN					1.000000	0.000000	Inf	0.000000	Inf	1.0	R269K(AA:1);K269R(AA:1)	0	0	2	0	2	0	2
288	272	287	284					0.201531	0.026796	1.515690	0.018209	2.230523	0.440710	NaN	NaN	NaN	NaN	0.95436775	0.530928	0.070331	4.007977	0.047757	5.902443	0.682543	0.089403	3.159258	0.068944	4.100901	1.0	A272V(AC:1);A272T(AC:1);A272S(CA:1)	1	2	0	0	1	2	3
289	273	288	285		C		1	0.809706	0.107662	6.089680	0.073158	8.961698	0.623134	NaN	NaN	NaN	NaN	0.95436775	1.067010	0.103589	10.990621	0.066277	17.178013	0.999969	0.145511	7.824207	0.110321	10.320003	1.0	P273T(AA:1);T273P(AC:1);H273P(CA:1)	1	1	1	0	2	1	3
291	275	290	287		C			InF					0.433959	NaN	NaN	NaN	NaN	0.95436775	InF					0.154822	0.789170	Inf	0.554551	Inf	1.0	G275S(AA:2,CA:2)	2	0	2	0	4	0	4
292	276	291	288		C			InF					0.303720	NaN	NaN	NaN	NaN	0.95436775	InF					0.154822	0.789170	Inf	0.554551	Inf	1.0	K276R(AA:1);K276E(AA:1);R276K(AA:1,CA:2)	2	0	3	0	5	0	5
294	278	293	290		C			0.809706	0.107662	6.089680	0.073158	8.961698	0.623134	NaN	NaN	NaN	NaN	0.95436775	0					0.514578	0.000000	2.897329	0.000000	4.114898	1.0	K278R(AA:1,AC:1);K278M(AA:1)	0	1	2	0	2	1	3
561	545	561	562					1.623560	0.257225	10.247632	0.180756	14.582929	0.954037	NaN	NaN	NaN	NaN	0.957692013027	2.145078	0.284153	16.193239	0.192950	23.847369	0.598950	0.360490	12.738680	0.277715	16.519031	1.0	K545R(AA:1,CA:2);R545K(AC:1);R545T(AA:1)	2	1	2	0	4	1	5
296	280	295	292					0.809706	0.107662	6.089680	0.073158	8.961698	0.623134	NaN	NaN	NaN	NaN	0.95436775	1.067010	0.103589	10.990621	0.066277	17.178013	0.999969	0.145511	7.824207	0.110321	10.320003	1.0	E280G(AA:1,CA:1,AC:1)	1	1	1	0	2	1	3
302	286	301	298					InF					0.656546	NaN	NaN	NaN	NaN	0.95436775	NaN					1.000000	0.000000	Inf	0.000000	Inf	1.0	G286V(AA:1)	0	0	1	0	1	0	1
304	288	303	300					InF					0.623134	NaN	NaN	NaN	NaN	0.95436775	InF					0.154822	0.789170	Inf	0.554551	Inf	1.0	V288I(AA:1);I288V(CA:2)	2	0	1	0	3	0	3
305	289	304	301					0.404337	0.039381	4.151415	0.025212	6.484531	0.903371	NaN	NaN	NaN	NaN	0.95436775	NaN					1.000000	0.000000	Inf	0.000000	Inf	1.0	P289S(AA:1,CC:1)	0	0	1	1	1	1	2
307	291	306	303					InF					0.433959	NaN	NaN	NaN	NaN	0.95436775	InF					0.154822	0.789170	Inf	0.554551	Inf	1.0	D291G(AA:1,CA:2);D291N(AA:1)	2	0	2	0	4	0	4
308	292	307	304					0.404337	0.039381	4.151415	0.025212	6.484531	0.903371	NaN	NaN	NaN	NaN	0.95436775	0					0.514578	0.000000	2.897329	0.000000	4.114898	1.0	K292R(AA:1,AC:1)	0	1	1	0	1	1	2
313	297	312	310					InF					0.656546	NaN	NaN	NaN	NaN	0.95436775	NaN					1.000000	0.000000	Inf	0.000000	Inf	1.0	V297I(AA:1)	0	0	1	0	1	0	1
315	299	314	312					0					0.656546	NaN	NaN	NaN	NaN	0.95436775	0					0.514578	0.000000	2.897329	0.000000	4.114898	1.0	R299K(AC:1)	0	1	0	0	0	1	1
320	304	319	317					InF					0.903371	NaN	NaN	NaN	NaN	0.95436775	NaN					1.000000	0.000000	Inf	0.000000	Inf	1.0	A304V(AA:1);T304P(AA:1)	0	0	2	0	2	0	2
522	506	521	520					InF					0.656546	NaN	NaN	NaN	NaN	0.95436775	NaN					1.000000	0.000000	Inf	0.000000	Inf	1.0	E506G(AA:1)	0	0	1	0	1	0	1
324	308	323	321					0					0.656546	NaN	NaN	NaN	NaN	0.95436775	NaN					1.000000	0.000000	Inf	0.000000	Inf	1.0	Y308F(CC:1)	0	0	0	1	0	1	1
325	309	324	322					2.032051	0.334108	12.358957	0.236456	17.462987	0.833160	NaN	NaN	NaN	NaN	0.95436775	InF					0.365318	0.393205	Inf	0.276582	Inf	1.0	V309I(CC:1,AA:4,CA:1)	1	0	4	1	5	1	6
326	310	325	323					InF					0.656546	NaN	NaN	NaN	NaN	0.95436775	NaN					1.000000	0.000000	Inf	0.000000	Inf	1.0	K310R(AA:1)	0	0	1	0	1	0	1
327	311	326	324					0.404337	0.039381	4.151415	0.025212	6.484531	0.903371	NaN	NaN	NaN	NaN	0.95436775	0					0.514578	0.000000	2.897329	0.000000	4.114898	1.0	Q311L(AA:1);H311Q(AC:1)	0	1	1	0	1	1	2
328	312	327	-				1	0.808729	0.251414	2.601462	0.201013	3.253734	0.943986	NaN	NaN	NaN	NaN	0.957692013027	0.352234	0.052336	2.370628	0.036328	3.415252	0.529489	0.064379	1.932948	0.049994	2.494077	1.0	S312R(AA:2);S312N(AC:2);G312S(AA:3);N312S(AC:1,CA:1)	1	3	5	0	6	3	9
329	313	328	325					0.404337	0.039381	4.151415	0.025212	6.484531	0.903371	NaN	NaN	NaN	NaN	0.95436775	NaN					1.000000	0.000000	Inf	0.000000	Inf	1.0	T313A(AA:1);T313N(CC:1)	0	0	1	1	1	1	2
331	315	330	327					0					0.656546	NaN	NaN	NaN	NaN	0.95436775	0					0.514578	0.000000	2.897329	0.000000	4.114898	1.0	K315R(AC:1)	0	1	0	0	0	1	1
339	323	338	335					0.503205	0.166008	1.525322	0.134247	1.886192	0.515691	NaN	NaN	NaN	NaN	0.95436775	1.067358	0.204324	5.575710	0.148879	7.652225	0.999521	0.235412	4.839387	0.185946	6.126785	1.0	V323L(AC:1);I323V(CC:2,CA:1);V323A(AA:1);V323I(AA:2,AC:1,CA:1)	2	2	3	2	5	4	9
340	324	339	336					InF					0.656546	NaN	NaN	NaN	NaN	0.95436775	NaN					1.000000	0.000000	Inf	0.000000	Inf	1.0	P324Q(AA:1)	0	0	1	0	1	0	1
342	326	341	341					0.404337	0.039381	4.151415	0.025212	6.484531	0.903371	NaN	NaN	NaN	NaN	0.95436775	0					0.514578	0.000000	2.897329	0.000000	4.114898	1.0	K326R(AA:1,AC:1)	0	1	1	0	1	1	2
344	328	343	343					2.441592	0.411672	14.480889	0.292756	20.362912	0.655168	NaN	NaN	NaN	NaN	0.95436775	InF					0.154822	0.789170	Inf	0.554551	Inf	1.0	T328A(AA:3,CA:2);T328S(CC:1);T328I(AA:1)	2	0	4	1	6	1	7
345	329	344	344					InF					0.656546	NaN	NaN	NaN	NaN	0.95436775	NaN					1.000000	0.000000	Inf	0.000000	Inf	1.0	R329K(AA:1)	0	0	1	0	1	0	1
347	331	346	346					InF					0.903371	NaN	NaN	NaN	NaN	0.95436775	NaN					1.000000	0.000000	Inf	0.000000	Inf	1.0	I331L(AA:1);I331V(AA:1)	0	0	2	0	2	0	2
348	332	347	347					InF					0.656546	NaN	NaN	NaN	NaN	0.95436775	InF					0.365318	0.393205	Inf	0.276582	Inf	1.0	F332L(CA:1)	1	0	0	0	1	0	1
351	335	350	350					0.301151	0.085321	1.062945	0.067015	1.353302	0.237964	NaN	NaN	NaN	NaN	0.95436775	0					0.054716	0.000000	0.714258	0.000000	1.017463	1.0	V335I(AA:3,AC:4)	0	4	3	0	3	4	7
363	347	362	362					1.012903	0.380383	2.697209	0.315335	3.253599	0.785264	NaN	NaN	NaN	NaN	0.95436775	1.609375	0.355274	7.290396	0.266029	9.736125	0.711342	0.397003	6.517589	0.317049	8.153054	1.0	M347V(AA:3);V347K(CC:1);V347M(AA:4,CC:1,CA:2,AC:2);M347K(CA:1)	3	2	7	2	10	4	14
364	348	363	363					InF					0.656546	NaN	NaN	NaN	NaN	0.95436775	NaN					1.000000	0.000000	Inf	0.000000	Inf	1.0	D348N(AA:1)	0	0	1	0	1	0	1
369	353	368	368					InF					0.656546	NaN	NaN	NaN	NaN	0.95436775	InF					0.365318	0.393205	Inf	0.276582	Inf	1.0	F353Y(CA:1)	1	0	0	0	1	0	1
372	356	371	371					InF					0.656546	NaN	NaN	NaN	NaN	0.95436775	NaN					1.000000	0.000000	Inf	0.000000	Inf	1.0	Q356L(AA:1)	0	0	1	0	1	0	1
377	361	376	376					0.404337	0.039381	4.151415	0.025212	6.484531	0.903371	NaN	NaN	NaN	NaN	0.95436775	0					0.514578	0.000000	2.897329	0.000000	4.114898	1.0	R361I(AA:1);R361M(AC:1)	0	1	1	0	1	1	2
383	367	382	382					InF					0.903371	NaN	NaN	NaN	NaN	0.95436775	InF					0.365318	0.393205	Inf	0.276582	Inf	1.0	L367F(AA:1,CA:1)	1	0	1	0	2	0	2
385	369	384	384					0					0.656546	NaN	NaN	NaN	NaN	0.95436775	NaN					1.000000	0.000000	Inf	0.000000	Inf	1.0	S369G(CC:1)	0	0	0	1	0	1	1
388	372	387	387					InF					0.213198	NaN	NaN	NaN	NaN	0.95436775	InF					0.365318	0.393205	Inf	0.276582	Inf	1.0	A372T(AA:3);A372S(AA:2,CA:1)	1	0	5	0	6	0	6
390	374	389	389					0					0.176630	NaN	NaN	NaN	NaN	0.95436775	0					0.224386	0.000000	1.442154	0.000000	2.052301	1.0	I374T(AC:1);I374V(AC:1)	0	2	0	0	0	2	2
391	375	390	390					0.133929	0.019979	0.897808	0.013878	1.292448	0.162098	NaN	NaN	NaN	NaN	0.95436775	0					0.514578	0.000000	2.897329	0.000000	4.114898	1.0	D375N(CC:1,AA:1,AC:1);N375D(CC:1)	0	1	1	2	1	3	4
394	378	393	393					InF					0.656546	NaN	NaN	NaN	NaN	0.95436775	NaN					1.000000	0.000000	Inf	0.000000	Inf	1.0	N378D(AA:1)	0	0	1	0	1	0	1
395	379	394	394					0.809706	0.107662	6.089680	0.073158	8.961698	0.623134	NaN	NaN	NaN	NaN	0.95436775	InF					0.365318	0.393205	Inf	0.276582	Inf	1.0	G379R(AA:1);G379E(CC:1,CA:1)	1	0	1	1	2	1	3
13	-	14	-					1.216113	0.181413	8.152275	0.126020	11.735658	0.708513	NaN	NaN	NaN	NaN	0.95436775	1.067010	0.103589	10.990621	0.066277	17.178013	0.999969	0.145511	7.824207	0.110321	10.320003	1.0	L-Q(AA:1);L-R(AA:1,AC:1);L-M(CA:1)	1	1	2	0	3	1	4
397	381	396	396					0.809706	0.107662	6.089680	0.073158	8.961698	0.623134	NaN	NaN	NaN	NaN	0.95436775	InF					0.365318	0.393205	Inf	0.276582	Inf	1.0	M381L(CA:1);L381M(AA:1,CC:1)	1	0	1	1	2	1	3
399	383	398	398					InF					0.903371	NaN	NaN	NaN	NaN	0.95436775	InF					0.365318	0.393205	Inf	0.276582	Inf	1.0	R383K(AA:1);G383R(CA:1)	1	0	1	0	2	0	2
401	385	400	400					InF					0.656546	NaN	NaN	NaN	NaN	0.95436775	InF					0.365318	0.393205	Inf	0.276582	Inf	1.0	I385T(CA:1)	1	0	0	0	1	0	1
402	386	401	401					InF					0.903371	NaN	NaN	NaN	NaN	0.95436775	InF					0.365318	0.393205	Inf	0.276582	Inf	1.0	G386E(AA:1);G386R(CA:1)	1	0	1	0	2	0	2
403	387	402	402					0.201531	0.026796	1.515690	0.018209	2.230523	0.440710	NaN	NaN	NaN	NaN	0.95436775	0.530928	0.070331	4.007977	0.047757	5.902443	0.682543	0.089403	3.159258	0.068944	4.100901	1.0	K387R(AC:2,CA:1)	1	2	0	0	1	2	3
404	388	403	403					0					0.656546	NaN	NaN	NaN	NaN	0.95436775	0					0.514578	0.000000	2.897329	0.000000	4.114898	1.0	T388S(AC:1)	0	1	0	0	0	1	1
406	390	405	405					InF					0.656546	NaN	NaN	NaN	NaN	0.95436775	InF					0.365318	0.393205	Inf	0.276582	Inf	1.0	E390G(CA:1)	1	0	0	0	1	0	1
416	400	415	415					InF					0.903371	NaN	NaN	NaN	NaN	0.95436775	InF					0.365318	0.393205	Inf	0.276582	Inf	1.0	T400S(AA:1);S400L(CA:1)	1	0	1	0	2	0	2
418	402	417	417					0.809706	0.107662	6.089680	0.073158	8.961698	0.623134	NaN	NaN	NaN	NaN	0.95436775	InF					0.365318	0.393205	Inf	0.276582	Inf	1.0	V402A(CA:1);V402I(AA:1,CC:1)	1	0	1	1	2	1	3
422	406	421	421					0.403576	0.077611	2.098575	0.056600	2.877603	0.708513	NaN	NaN	NaN	NaN	0.95436775	1.067010	0.103589	10.990621	0.066277	17.178013	0.999969	0.145511	7.824207	0.110321	10.320003	1.0	I406T(AA:1);I406V(CC:1,AC:1,CA:1)	1	1	1	1	2	2	4
424	408	423	423					InF					0.656546	NaN	NaN	NaN	NaN	0.95436775	NaN					1.000000	0.000000	Inf	0.000000	Inf	1.0	D408N(AA:1)	0	0	1	0	1	0	1
425	409	424	424					0.809706	0.107662	6.089680	0.073158	8.961698	0.623134	NaN	NaN	NaN	NaN	0.95436775	2.145078	0.284153	16.193239	0.192950	23.847369	0.598950	0.360490	12.738680	0.277715	16.519031	1.0	I409L(CA:2);L409I(AC:1)	2	1	0	0	2	1	3
427	411	426	426					0.809706	0.107662	6.089680	0.073158	8.961698	0.623134	NaN	NaN	NaN	NaN	0.95436775	0					0.514578	0.000000	2.897329	0.000000	4.114898	1.0	K411E(AC:1);K411R(AA:2)	0	1	2	0	2	1	3
429	413	428	428					InF					0.656546	NaN	NaN	NaN	NaN	0.95436775	NaN					1.000000	0.000000	Inf	0.000000	Inf	1.0	V413L(AA:1)	0	0	1	0	1	0	1
434	418	433	433					0.809706	0.107662	6.089680	0.073158	8.961698	0.623134	NaN	NaN	NaN	NaN	0.95436775	NaN					1.000000	0.000000	Inf	0.000000	Inf	1.0	I418V(AA:2,CC:1)	0	0	2	1	2	1	3
440	424	439	439					1.216113	0.181413	8.152275	0.126020	11.735658	0.708513	NaN	NaN	NaN	NaN	0.95436775	3.234375	0.480569	21.768320	0.333577	31.360626	0.305955	0.589388	17.696094	0.456784	22.787622	1.0	N424K(CA:1,AC:1);N424S(CA:2)	3	1	0	0	3	1	4
441	425	440	440					0.404337	0.039381	4.151415	0.025212	6.484531	0.903371	NaN	NaN	NaN	NaN	0.95436775	1.067010	0.103589	10.990621	0.066277	17.178013	0.999969	0.145511	7.824207	0.110321	10.320003	1.0	A425S(AC:1,CA:1)	1	1	0	0	1	1	2
442	426	441	441					0.404337	0.039381	4.151415	0.025212	6.484531	0.903371	NaN	NaN	NaN	NaN	0.95436775	InF					0.365318	0.393205	Inf	0.276582	Inf	1.0	E426D(CC:1,CA:1)	1	0	0	1	1	1	2
444	428	443	443					0.606138	0.134483	2.731971	0.100798	3.644953	0.954037	NaN	NaN	NaN	NaN	0.957692013027	0					0.224386	0.000000	1.442154	0.000000	2.052301	1.0	L428F(AC:1);L428I(AA:2,AC:1);L428V(AA:1)	0	2	3	0	3	2	5
548	532	547	548					InF					0.656546	NaN	NaN	NaN	NaN	0.95436775	NaN					1.000000	0.000000	Inf	0.000000	Inf	1.0	L532V(AA:1)	0	0	1	0	1	0	1
446	430	445	445					InF					0.656546	NaN	NaN	NaN	NaN	0.95436775	InF					0.365318	0.393205	Inf	0.276582	Inf	1.0	A430V(CA:1)	1	0	0	0	1	0	1
447	431	446	446					InF					0.303720	NaN	NaN	NaN	NaN	0.95436775	NaN					1.000000	0.000000	Inf	0.000000	Inf	1.0	L431M(AA:5)	0	0	5	0	5	0	5
451	435	450	450					InF					0.656546	NaN	NaN	NaN	NaN	0.95436775	NaN					1.000000	0.000000	Inf	0.000000	Inf	1.0	H435Q(AA:1)	0	0	1	0	1	0	1
453	437	452	452					0.404337	0.039381	4.151415	0.025212	6.484531	0.903371	NaN	NaN	NaN	NaN	0.95436775	InF					0.365318	0.393205	Inf	0.276582	Inf	1.0	I437V(CC:1);V437I(CA:1)	1	0	0	1	1	1	2
454	438	453	453					0.404337	0.039381	4.151415	0.025212	6.484531	0.903371	NaN	NaN	NaN	NaN	0.95436775	NaN					1.000000	0.000000	Inf	0.000000	Inf	1.0	D438E(AA:1);D438H(CC:1)	0	0	1	1	1	1	2
455	439	454	454					InF					0.656546	NaN	NaN	NaN	NaN	0.95436775	NaN					1.000000	0.000000	Inf	0.000000	Inf	1.0	L439I(AA:1)	0	0	1	0	1	0	1
457	441	456	456					InF					0.656546	NaN	NaN	NaN	NaN	0.95436775	NaN					1.000000	0.000000	Inf	0.000000	Inf	1.0	D441G(AA:1)	0	0	1	0	1	0	1
458	442	457	457					InF					0.903371	NaN	NaN	NaN	NaN	0.95436775	NaN					1.000000	0.000000	Inf	0.000000	Inf	1.0	S442L(AA:1);S442A(AA:1)	0	0	2	0	2	0	2
459	443	458	458					InF					0.623134	NaN	NaN	NaN	NaN	0.95436775	InF					0.365318	0.393205	Inf	0.276582	Inf	1.0	E443Q(AA:2,CA:1)	1	0	2	0	3	0	3
461	445	460	460					0.133929	0.019979	0.897808	0.013878	1.292448	0.162098	NaN	NaN	NaN	NaN	0.95436775	0					0.224386	0.000000	1.442154	0.000000	2.052301	1.0	N445K(AA:1,AC:1);T445N(CC:1);N445T(AC:1)	0	2	1	1	1	3	4
463	447	462	462					InF					0.656546	NaN	NaN	NaN	NaN	0.95436775	NaN					1.000000	0.000000	Inf	0.000000	Inf	1.0	L447M(AA:1)	0	0	1	0	1	0	1
466	450	465	465					0					0.656546	NaN	NaN	NaN	NaN	0.95436775	0					0.514578	0.000000	2.897329	0.000000	4.114898	1.0	K450I(AC:1)	0	1	0	0	0	1	1
468	452	467	467					0.403576	0.077611	2.098575	0.056600	2.877603	0.708513	NaN	NaN	NaN	NaN	0.95436775	0					0.224386	0.000000	1.442154	0.000000	2.052301	1.0	K452T(AA:1);K452E(AA:1);R452K(AC:1);K452R(AC:1)	0	2	2	0	2	2	4
470	454	469	469					InF					0.656546	NaN	NaN	NaN	NaN	0.95436775	NaN					1.000000	0.000000	Inf	0.000000	Inf	1.0	Q454K(AA:1)	0	0	1	0	1	0	1
478	462	477	477					0.809706	0.107662	6.089680	0.073158	8.961698	0.623134	NaN	NaN	NaN	NaN	0.95436775	0					0.514578	0.000000	2.897329	0.000000	4.114898	1.0	I462M(AC:1);M462I(AA:1);M462T(AA:1)	0	1	2	0	2	1	3
483	467	482	482					0.404337	0.039381	4.151415	0.025212	6.484531	0.903371	NaN	NaN	NaN	NaN	0.95436775	0					0.514578	0.000000	2.897329	0.000000	4.114898	1.0	F467L(AA:1,AC:1)	0	1	1	0	1	1	2
484	468	483	483					0					0.656546	NaN	NaN	NaN	NaN	0.95436775	0					0.514578	0.000000	2.897329	0.000000	4.114898	1.0	K468R(AC:1)	0	1	0	0	0	1	1
485	469	484	484					InF					0.656546	NaN	NaN	NaN	NaN	0.95436775	NaN					1.000000	0.000000	Inf	0.000000	Inf	1.0	I469V(AA:1)	0	0	1	0	1	0	1
488	472	487	487					0.809706	0.107662	6.089680	0.073158	8.961698	0.623134	NaN	NaN	NaN	NaN	0.95436775	NaN					1.000000	0.000000	Inf	0.000000	Inf	1.0	K472R(CC:1);K472Q(AA:1);K472E(AA:1)	0	0	2	1	2	1	3
295	279	294	291				1	InF					0.656546	NaN	NaN	NaN	NaN	0.95436775	NaN					1.000000	0.000000	Inf	0.000000	Inf	1.0	S279Y(AA:1)	0	0	1	0	1	0	1
492	476	491	491				1	0.402813	0.104675	1.550122	0.080867	2.006491	0.501509	NaN	NaN	NaN	NaN	0.95436775	0.352234	0.052336	2.370628	0.036328	3.415252	0.529489	0.064379	1.932948	0.049994	2.494077	1.0	A476V(AC:1,CA:1);A476D(AC:1);A476S(AA:1);T476A(AA:1);D476A(AC:1)	1	3	2	0	3	3	6
495	479	494	494					InF					0.074409	NaN	NaN	NaN	NaN	0.95436775	InF					0.038761	1.595001	Inf	1.119690	Inf	1.0	G479E(AA:3,CA:2);E479G(CA:2);G479R(AA:1);G479S(AA:1)	4	0	5	0	9	0	9
496	480	495	495					0					0.656546	NaN	NaN	NaN	NaN	0.95436775	0					0.514578	0.000000	2.897329	0.000000	4.114898	1.0	S480A(AC:1)	0	1	0	0	0	1	1
498	482	497	497					InF					0.623134	NaN	NaN	NaN	NaN	0.95436775	InF					0.075542	1.190081	Inf	0.835435	Inf	1.0	R482I(CA:3)	3	0	0	0	3	0	3
503	487	502	502					0.809706	0.107662	6.089680	0.073158	8.961698	0.623134	NaN	NaN	NaN	NaN	0.95436775	1.067010	0.103589	10.990621	0.066277	17.178013	0.999969	0.145511	7.824207	0.110321	10.320003	1.0	D487A(AC:1);D487N(AA:1,CA:1)	1	1	1	0	2	1	3
505	489	504	504					0.726031	0.288146	1.829353	0.241413	2.183486	0.785264	NaN	NaN	NaN	NaN	0.95436775	1.431065	0.403001	5.081735	0.316169	6.477370	0.719553	0.431133	4.745407	0.352664	5.801269	1.0	D489Y(AA:1);N489D(CC:2,CA:3);D489E(CA:1);D489N(AA:4,AC:3)	4	3	5	2	9	5	14
506	490	505	505					0					0.176630	NaN	NaN	NaN	NaN	0.95436775	0					0.514578	0.000000	2.897329	0.000000	4.114898	1.0	V490L(CC:1);V490I(AC:1)	0	1	0	1	0	2	2
509	493	508	508					InF					0.149938	NaN	NaN	NaN	NaN	0.95436775	NaN					1.000000	0.000000	Inf	0.000000	Inf	1.0	D493E(AA:1);D493N(AA:5);N493D(AA:1)	0	0	7	0	7	0	7
