abs_pos	ref(H3)	ref(H1)	ref(B73)	RBS	AS	GS	PS	OR_uMLE	wald_MLE_CI90L	wald_MLE_CI90R	wald_MLE_CI95L	wald_MLE_CI95R	p-value	ss_CI90L	ss_CI90R	ss_CI95L	ss_CI95R	q-value	Mutations(H3)	AC	CA	AA	CC	End-in-Adult	End-in-Child	Total
512	496	511	-					InF					0.765600	NaN	NaN	NaN	NaN	0.906405612903	L496V(AA:1)	0	0	1	0	1	0	1
513	497	512	511					InF					0.751229	NaN	NaN	NaN	NaN	0.906405612903	N497S(AA:1);N497T(AA:1)	0	0	2	0	2	0	2
514	498	513	512				1	0					0.087049	NaN	NaN	NaN	NaN	0.906405612903	N498K(CC:1,AC:2)	2	0	0	1	0	3	3
3	-	4	-					1.097222	0.146085	8.241084	0.099293	12.124662	0.605374	NaN	NaN	NaN	NaN	0.906405612903	I-T(CC:1);T-A(AA:1,CA:1)	0	1	1	1	2	1	3
4	-	5	-					0.821864	0.283327	2.384034	0.231058	2.923335	0.977632	NaN	NaN	NaN	NaN	0.9871043	I-V(AC:1);I-T(AA:2,CA:1,AC:1);T-I(AA:3,CC:1,AC:1)	3	1	5	1	6	4	10
517	501	516	515					InF					0.297170	NaN	NaN	NaN	NaN	0.906405612903	Q501K(AA:2);Q501H(CA:2)	0	2	2	0	4	0	4
518	502	517	516					0					0.765600	NaN	NaN	NaN	NaN	0.906405612903	I502V(AC:1)	1	0	0	0	0	1	1
519	503	518	517					0					0.087049	NaN	NaN	NaN	NaN	0.906405612903	K503R(CC:2,AC:1)	1	0	0	2	0	3	3
8	-	9	-					0					0.765600	NaN	NaN	NaN	NaN	0.906405612903	S-G(AC:1)	1	0	0	0	0	1	1
521	505	520	519					1.097561	0.341996	3.522381	0.273558	4.403601	0.828596	NaN	NaN	NaN	NaN	0.925559920213	V505I(AA:3,CC:2,CA:2);V505A(CA:1);V505L(AC:1)	1	3	3	2	6	3	9
522	506	521	520					InF					0.765600	NaN	NaN	NaN	NaN	0.906405612903	E506D(AA:1)	0	0	1	0	1	0	1
11	-	12	-					0.548135	0.053448	5.621353	0.034225	8.778648	0.751229	NaN	NaN	NaN	NaN	0.906405612903	I-L(AC:1);L-I(AA:1)	1	0	1	0	1	1	2
12	-	13	-					0.547350	0.142520	2.102111	0.110146	2.719946	0.751507	NaN	NaN	NaN	NaN	0.906405612903	C-R(AA:1,CC:1);C-Y(AA:1);Y-C(CA:1);C-F(CC:1);C-G(AC:1)	1	1	2	2	3	3	6
13	-	14	-					InF					0.297170	NaN	NaN	NaN	NaN	0.906405612903	L-Q(AA:3);L-M(CA:1)	0	1	3	0	4	0	4
14	-	15	-					0.987249	0.392979	2.480184	0.329430	2.958630	0.795249	NaN	NaN	NaN	NaN	0.906405612903	I-V(CA:1);V-A(AA:2,CA:1,AC:1);V-G(AA:1,CC:1,CA:1,AC:1);G-V(AA:1,CC:1,CA:2,AC:1)	3	5	4	2	9	5	14
15	-	16	-					1.018906	0.469172	2.212770	0.404425	2.567027	0.845753	NaN	NaN	NaN	NaN	0.938071330986	F-S(AA:1,AC:1,CA:1);F-V(AA:2,CC:1);V-F(AA:2);F-C(AA:1);F-I(AA:1);F-L(AA:2);S-F(AA:3,AC:5)	6	1	12	1	13	7	20
16	-	17	-					1.018906	0.469172	2.212770	0.404425	2.567027	0.845753	NaN	NaN	NaN	NaN	0.938071330986	A-T(AA:3,CC:3,CA:1,AC:1);T-A(AA:6,CC:1,CA:3,AC:1);A-S(CC:1)	2	4	9	5	13	7	20
529	513	528	529					0.548135	0.053448	5.621353	0.034225	8.778648	0.751229	NaN	NaN	NaN	NaN	0.906405612903	D513N(CC:1);D513E(AA:1)	0	0	1	1	1	1	2
18	2	-	-					2.750218	0.452862	16.701989	0.320592	23.592892	0.582542	NaN	NaN	NaN	NaN	0.906405612903	K2E(AA:1,AC:1,CA:1);N2K(CA:1);K2Q(AA:2)	1	2	3	0	5	1	6
19	3	-	-					1.036646	0.523581	2.052473	0.459387	2.339280	0.904818	NaN	NaN	NaN	NaN	0.958366397059	L3F(AA:3,CA:1,AC:2);I3V(CC:1);I3L(CC:1,AA:2);L3P(AA:1);L3I(AA:8,CC:1,CA:2,AC:4)	6	3	14	3	17	9	26
532	516	531	532					1.647263	0.246077	11.026956	0.170985	15.869636	0.930984	NaN	NaN	NaN	NaN	0.958366397059	L516R(CA:1);L516I(CC:1,CA:1);L516Q(CA:1)	0	3	0	1	3	1	4
21	5	-	-					1.097902	0.444281	2.713125	0.373611	3.226318	0.919616	NaN	NaN	NaN	NaN	0.958366397059	E5G(CA:1);G5R(CA:3);G5E(AA:5,CC:3,AC:2);G5V(AA:1)	2	4	6	3	10	5	15
534	518	533	534					1.647263	0.246077	11.026956	0.170985	15.869636	0.930984	NaN	NaN	NaN	NaN	0.958366397059	I518M(AA:1,AC:1);M518I(AA:2)	1	0	3	0	3	1	4
23	7	-	-			1		1.648955	0.429357	6.332848	0.331829	8.194145	0.802816	NaN	NaN	NaN	NaN	0.906405612903	D7N(AA:1,CA:1,AC:1);D7E(CA:2);G7D(CA:1);D7Y(AA:1,AC:1)	2	4	2	0	6	2	8
24	8	-	-			1		1.097222	0.146085	8.241084	0.099293	12.124662	0.605374	NaN	NaN	NaN	NaN	0.906405612903	N8S(CC:1,CA:1);N8D(CA:1)	0	2	0	1	2	1	3
25	9	-	-			1		3.303136	0.557776	19.561094	0.396772	27.498708	0.419380	NaN	NaN	NaN	NaN	0.906405612903	N9S(AA:2);I9S(AA:1);S9N(AA:2,AC:1,CA:1)	1	1	5	0	6	1	7
26	10	-	-			1		1.931140	0.757230	4.924931	0.632952	5.891923	0.339519	NaN	NaN	NaN	NaN	0.906405612903	T10P(AA:1);T10A(AA:2,CA:1);T10R(AA:1);T10M(AA:8,AC:4,CA:1)	4	2	12	0	14	4	18
28	12	19	2					InF					0.297170	NaN	NaN	NaN	NaN	0.906405612903	T12K(CA:1);T12M(AA:3)	0	1	3	0	4	0	4
541	525	540	541					0.822328	0.182775	3.699754	0.137041	4.934462	0.797050	NaN	NaN	NaN	NaN	0.906405612903	F525S(CA:1);L525F(AA:1);F525L(AA:1,CC:1,AC:1)	1	1	2	1	3	2	5
542	526	541	542					0					0.253672	NaN	NaN	NaN	NaN	0.906405612903	L526M(AC:1);L526F(CC:1)	1	0	0	1	0	2	2
543	527	542	543					0					0.765600	NaN	NaN	NaN	NaN	0.906405612903	L527F(CC:1)	0	0	0	1	0	1	1
544	528	543	544					InF					0.765600	NaN	NaN	NaN	NaN	0.906405612903	C528G(AA:1)	0	0	1	0	1	0	1
545	529	544	545				1	0.547350	0.142520	2.102111	0.110146	2.719946	0.751507	NaN	NaN	NaN	NaN	0.906405612903	V529F(CA:1);V529I(AA:2,CC:2,AC:1)	1	1	2	2	3	3	6
546	530	545	546					1.190622	0.526492	2.692502	0.450331	3.147867	0.911348	NaN	NaN	NaN	NaN	0.958366397059	V530A(AA:1,CA:1);A530V(AA:8,CC:5,CA:3,AC:1)	1	4	9	5	13	6	19
547	531	546	547					0					0.765600	NaN	NaN	NaN	NaN	0.906405612903	L531W(CC:1)	0	0	0	1	0	1	1
548	532	547	548					0.548135	0.053448	5.621353	0.034225	8.778648	0.751229	NaN	NaN	NaN	NaN	0.906405612903	L532V(AA:1,AC:1)	1	0	1	0	1	1	2
37	21	28	11					InF					0.765600	NaN	NaN	NaN	NaN	0.906405612903	P21Q(CA:1)	0	1	0	0	1	0	1
38	22	29	12			1		InF					0.765600	NaN	NaN	NaN	NaN	0.906405612903	N22D(AA:1)	0	0	1	0	1	0	1
551	535	550	551					InF					0.765600	NaN	NaN	NaN	NaN	0.906405612903	I535V(CA:1)	0	1	0	0	1	0	1
552	536	552	553					0.273634	0.036432	2.055230	0.024762	3.023749	0.605374	NaN	NaN	NaN	NaN	0.906405612903	M536T(CC:1);M536I(CC:1,AA:1)	0	0	1	2	1	2	3
41	25	32	15					0.599563	0.290846	1.235963	0.253223	1.419600	0.352138	NaN	NaN	NaN	NaN	0.906405612903	I25T(CA:1);I25M(AA:3,CC:3,AC:2);I25V(AA:4,CC:2,AC:3,CA:3)	5	4	7	5	11	10	21
554	538	554	555					InF					0.751229	NaN	NaN	NaN	NaN	0.906405612903	A538V(CA:1);A538T(AA:1)	0	1	1	0	2	0	2
43	27	34	17					2.198261	0.348784	13.854849	0.245164	19.710692	0.797050	NaN	NaN	NaN	NaN	0.906405612903	K27R(AA:1,CA:1,AC:1);K27T(AA:1);K27E(AA:1)	1	1	3	0	4	1	5
556	540	556	557					InF					0.765600	NaN	NaN	NaN	NaN	0.906405612903	Q540L(AA:1)	0	0	1	0	1	0	1
557	541	557	558					0.136383	0.021639	0.859579	0.015210	1.222886	0.115642	NaN	NaN	NaN	NaN	0.906405612903	K541R(CC:1,AC:2);K541E(AA:1);K541N(AC:1)	3	0	1	1	1	4	5
46	30	37	20					1.097222	0.146085	8.241084	0.099293	12.124662	0.605374	NaN	NaN	NaN	NaN	0.906405612903	A30T(AA:1);T30M(AA:1,AC:1)	1	0	2	0	2	1	3
47	31	38	21					1.513342	0.577170	3.967989	0.479888	4.772372	0.655128	NaN	NaN	NaN	NaN	0.906405612903	N31S(AA:1,CA:2);D31H(CA:1);N31Y(CA:1);D31N(AA:1);N31D(CC:4,AA:4,CA:1)	0	5	6	4	11	4	15
48	32	39	22					0					0.087049	NaN	NaN	NaN	NaN	0.906405612903	D32E(AC:1);D32N(CC:1);D32G(CC:1)	1	0	0	2	0	3	3
561	545	561	562			1		1.647263	0.246077	11.026956	0.170985	15.869636	0.930984	NaN	NaN	NaN	NaN	0.958366397059	K545R(AA:2);R545K(CC:1);R545T(AA:1)	0	0	3	1	3	1	4
563	547	563	564			1		InF					0.751229	NaN	NaN	NaN	NaN	0.906405612903	N547S(AA:1);N547D(CA:1)	0	1	1	0	2	0	2
564	548	564	565			1		1.097222	0.146085	8.241084	0.099293	12.124662	0.605374	NaN	NaN	NaN	NaN	0.906405612903	I548F(AA:1);I548H(CC:1);I548K(AA:1)	0	0	2	1	2	1	3
53	37	44	27					0					0.765600	NaN	NaN	NaN	NaN	0.906405612903	T37I(AC:1)	1	0	0	0	0	1	1
54	38	45	28			1		1.097222	0.146085	8.241084	0.099293	12.124662	0.605374	NaN	NaN	NaN	NaN	0.906405612903	T38N(AA:2,AC:1)	1	0	2	0	2	1	3
9	-	10	-					7.200701	1.303605	39.774388	0.939760	55.173738	0.033082	NaN	NaN	NaN	NaN	0.906405612903	H-Y(AA:3,AC:1,CA:1);C-Y(AA:3,CA:1);Y-H(AA:2,CA:1);Y-C(AA:1,CA:1)	1	4	9	0	13	1	14
60	44	51	34					InF					0.765600	NaN	NaN	NaN	NaN	0.906405612903	H44Q(CA:1)	0	1	0	0	1	0	1
61	45	52	35			1	1	0.821864	0.283327	2.384034	0.231058	2.923335	0.977632	NaN	NaN	NaN	NaN	0.9871043	N45S(AA:1);S45N(AA:2,CC:1,CA:2,AC:3);N45D(AA:1)	3	2	4	1	6	4	10
62	46	53	36			1		1.097222	0.146085	8.241084	0.099293	12.124662	0.605374	NaN	NaN	NaN	NaN	0.906405612903	S46H(CA:1);S46F(AA:1,AC:1)	1	1	1	0	2	1	3
63	47	54	37			1		InF					0.751229	NaN	NaN	NaN	NaN	0.906405612903	S47T(AA:1);S47P(AA:1)	0	0	2	0	2	0	2
64	48	55	38				1	0.436870	0.144477	1.321006	0.116890	1.632772	0.369981	NaN	NaN	NaN	NaN	0.906405612903	I48M(AC:2,CA:1);T48K(AA:1);T48A(AC:1);T48I(AA:1,AC:2);I48R(CA:1)	5	2	2	0	4	5	9
65	49	56	39		C			1.647263	0.246077	11.026956	0.170985	15.869636	0.930984	NaN	NaN	NaN	NaN	0.958366397059	D49G(CA:1);G49S(AA:1);G49D(AA:1,AC:1)	1	1	2	0	3	1	4
66	50	57	40		C			2.750218	0.452862	16.701989	0.320592	23.592892	0.582542	NaN	NaN	NaN	NaN	0.906405612903	E50K(AA:3);E50A(AA:1);E50G(CC:1,CA:1)	0	1	4	1	5	1	6
67	51	58	41					InF					0.751229	NaN	NaN	NaN	NaN	0.906405612903	I51L(AA:1);I51V(AA:1)	0	0	2	0	2	0	2
69	53	60	43		C			0.819982	0.441755	1.522046	0.392413	1.713429	0.738177	NaN	NaN	NaN	NaN	0.906405612903	D53E(AA:1);D53G(AA:2,CA:1,AC:1);N53D(CC:1,AA:2,CA:2);N53K(AA:1);D53H(CA:1);D53N(CC:7,AA:5,CA:3,AC:2);G53D(AC:1)	4	7	11	8	18	12	30
70	54	61	44		C			0.822328	0.182775	3.699754	0.137041	4.934462	0.797050	NaN	NaN	NaN	NaN	0.906405612903	S54R(AA:1,CA:1);S54N(CC:1,AA:1,AC:1)	1	1	2	1	3	2	5
72	56	64	52					0.548135	0.053448	5.621353	0.034225	8.778648	0.751229	NaN	NaN	NaN	NaN	0.906405612903	H56Y(AC:1);H56L(CA:1)	1	1	0	0	1	1	2
73	57	65	53					1.372933	0.345844	5.450277	0.265596	7.097029	0.987104	NaN	NaN	NaN	NaN	0.9871043	Q57H(AA:2,CA:1);Q57K(AA:1,CA:1);Q57L(CC:1,AC:1)	1	2	3	1	5	2	7
74	58	66	54					0.546957	0.170429	1.755339	0.136324	2.194486	0.626700	NaN	NaN	NaN	NaN	0.906405612903	I58V(AA:2,CC:1,AC:2,CA:2);V58I(CC:1)	2	2	2	2	4	4	8
75	59	67	55					0					0.253672	NaN	NaN	NaN	NaN	0.906405612903	L59I(AC:1);I59L(AC:1)	2	0	0	0	0	2	2
78	62	70	58		E			0.913838	0.274116	3.046523	0.217669	3.836552	0.802816	NaN	NaN	NaN	NaN	0.906405612903	E62G(CA:1);E62V(AA:1);G62E(CC:1,CA:1);E62K(CC:1,AA:1,AC:1,CA:1)	1	3	2	2	5	3	8
79	63	71	59		E	1		InF					0.751229	NaN	NaN	NaN	NaN	0.906405612903	N63K(AA:2)	0	0	2	0	2	0	2
80	64	72	60			1		InF					0.765600	NaN	NaN	NaN	NaN	0.906405612903	C64R(AA:1)	0	0	1	0	1	0	1
81	65	73	61			1		0					0.765600	NaN	NaN	NaN	NaN	0.906405612903	T65S(AC:1)	1	0	0	0	0	1	1
82	66	74	62					0.548135	0.053448	5.621353	0.034225	8.778648	0.751229	NaN	NaN	NaN	NaN	0.906405612903	L66I(AA:1,CC:1)	0	0	1	1	1	1	2
83	67	75	63					InF					0.751229	NaN	NaN	NaN	NaN	0.906405612903	I67V(AA:1);I67M(AA:1)	0	0	2	0	2	0	2
85	69	77	65					0.273634	0.036432	2.055230	0.024762	3.023749	0.605374	NaN	NaN	NaN	NaN	0.906405612903	A69T(AC:1);D69A(CC:1);A69V(CA:1)	1	1	0	1	1	2	3
91	75	83	71		E			1.925458	0.513611	7.218272	0.398785	9.296701	0.624154	NaN	NaN	NaN	NaN	0.906405612903	Q75H(CC:2,AA:1,CA:5);H75Q(AA:1)	0	5	2	2	7	2	9
93	77	85	73					0					0.765600	NaN	NaN	NaN	NaN	0.906405612903	D77E(AC:1)	1	0	0	0	0	1	1
94	78	86	74		E			0.781718	0.346096	1.765650	0.296099	2.063782	0.808554	NaN	NaN	NaN	NaN	0.9096231375	G78D(AA:1,AC:2);D78G(CC:2,CA:3);S78G(AA:3,AC:2);G78S(AA:2,CA:1,AC:1)	5	4	6	2	10	7	17
95	79	87	75		E			1.097222	0.146085	8.241084	0.099293	12.124662	0.605374	NaN	NaN	NaN	NaN	0.906405612903	L79F(CA:1);F79L(AA:1,AC:1)	1	1	1	0	2	1	3
97	81	89	77		E			0.364583	0.081034	1.640307	0.060758	2.187722	0.504495	NaN	NaN	NaN	NaN	0.906405612903	N81D(CA:2,AC:1);D81N(AC:1);N81H(AC:1)	3	2	0	0	2	3	5
98	82	91	79		E			InF					0.765600	NaN	NaN	NaN	NaN	0.906405612903	K82N(AA:1)	0	0	1	0	1	0	1
99	83	92	80		E	1		1.647263	0.246077	11.026956	0.170985	15.869636	0.930984	NaN	NaN	NaN	NaN	0.958366397059	K83E(AA:1,AC:1);K83T(CA:1);K83R(AA:1)	1	1	2	0	3	1	4
104	88	97	85					InF					0.470095	NaN	NaN	NaN	NaN	0.906405612903	V88I(AA:1);V88L(AA:2)	0	0	3	0	3	0	3
107	91	100	88		E			1.647263	0.246077	11.026956	0.170985	15.869636	0.930984	NaN	NaN	NaN	NaN	0.958366397059	S91R(AA:1);S91N(AA:1,CA:1);S91G(CC:1)	0	1	2	1	3	1	4
108	92	101	89		E			3.303136	0.557776	19.561094	0.396772	27.498708	0.419380	NaN	NaN	NaN	NaN	0.906405612903	K92E(CC:1,CA:1);K92T(CA:1);K92R(AA:4)	0	2	4	1	6	1	7
110	94	103	91					0.913462	0.389103	2.144452	0.330441	2.525150	0.929718	NaN	NaN	NaN	NaN	0.958366397059	Y94S(AA:1);Y94H(AA:3,CC:2,AC:3);Y94F(CA:1);H94Y(AA:5,AC:1)	4	1	9	2	10	6	16
111	95	104	92					1.097222	0.146085	8.241084	0.099293	12.124662	0.605374	NaN	NaN	NaN	NaN	0.906405612903	S95G(AA:1,AC:1);S95N(AA:1)	1	0	2	0	2	1	3
112	96	105	-					0.548135	0.053448	5.621353	0.034225	8.778648	0.751229	NaN	NaN	NaN	NaN	0.906405612903	N96K(AA:1);N96D(AC:1)	1	0	1	0	1	1	2
531	515	530	531					0.364583	0.081034	1.640307	0.060758	2.187722	0.504495	NaN	NaN	NaN	NaN	0.906405612903	I515V(AA:1,CC:2);V515I(AA:1,CC:1)	0	0	2	3	2	3	5
117	101	111	97				1	InF					0.765600	NaN	NaN	NaN	NaN	0.906405612903	D101Y(AA:1)	0	0	1	0	1	0	1
119	103	113	99				1	InF					0.470095	NaN	NaN	NaN	NaN	0.906405612903	P103Q(AA:1);P103S(CA:2)	0	2	1	0	3	0	3
120	104	114	100					3.857018	0.663271	22.429129	0.473463	31.420830	0.298351	NaN	NaN	NaN	NaN	0.906405612903	D104N(AA:4,AC:1);D104G(AA:1,CA:2)	1	2	5	0	7	1	8
20	4	-	-					InF					0.470095	NaN	NaN	NaN	NaN	0.906405612903	P4S(AA:2,CA:1)	0	1	2	0	3	0	3
122	106	116	102					0.218056	0.054928	0.865643	0.042183	1.127190	0.120380	NaN	NaN	NaN	NaN	0.906405612903	A106V(AA:1,AC:1);A106T(CC:2,AC:2);V106A(AA:1)	3	0	2	2	2	5	7
123	107	117	103					0					0.765600	NaN	NaN	NaN	NaN	0.906405612903	S107T(CC:1)	0	0	0	1	0	1	1
124	108	118	104					InF					0.765600	NaN	NaN	NaN	NaN	0.906405612903	L108F(AA:1)	0	0	1	0	1	0	1
125	109	119	105					InF					0.765600	NaN	NaN	NaN	NaN	0.906405612903	R109K(AA:1)	0	0	1	0	1	0	1
128	112	125	111					1.465969	0.479919	4.477975	0.387528	5.545565	0.800435	NaN	NaN	NaN	NaN	0.906405612903	V112A(CC:1);V112I(CC:2,AA:5,CA:3)	0	3	5	3	8	3	11
129	113	126	112					InF					0.765600	NaN	NaN	NaN	NaN	0.906405612903	A113S(AA:1)	0	0	1	0	1	0	1
130	114	127	113					1.097222	0.146085	8.241084	0.099293	12.124662	0.605374	NaN	NaN	NaN	NaN	0.906405612903	T114A(AC:1);S114T(AA:2)	1	0	2	0	2	1	3
131	115	128	114					0					0.765600	NaN	NaN	NaN	NaN	0.906405612903	S115A(CC:1)	0	0	0	1	0	1	1
133	117	130	116					InF					0.765600	NaN	NaN	NaN	NaN	0.906405612903	T117S(AA:1)	0	0	1	0	1	0	1
134	118	131	117					0					0.765600	NaN	NaN	NaN	NaN	0.906405612903	L118M(CC:1)	0	0	0	1	0	1	1
137	121	134	120		A			0.436870	0.144477	1.321006	0.116890	1.632772	0.369981	NaN	NaN	NaN	NaN	0.906405612903	N121T(AA:1);D121N(AA:1,AC:1);N121K(CC:1,AC:3,CA:1);N121S(AA:1)	4	1	3	1	4	5	9
138	122	135	121		A	1		0.729494	0.298927	1.780238	0.251983	2.111893	0.763298	NaN	NaN	NaN	NaN	0.906405612903	N122T(CC:1,AC:1);N122Y(CC:1,AC:1);N122H(AA:1);N122S(AA:2,CA:1,AC:1);N122I(AA:2);D122N(CC:1);N122D(AA:2)	3	1	7	3	8	6	14
550	534	549	550					0					0.765600	NaN	NaN	NaN	NaN	0.906405612903	F534V(AC:1)	1	0	0	0	0	1	1
140	124	137	128		A	1		0.729494	0.298927	1.780238	0.251983	2.111893	0.763298	NaN	NaN	NaN	NaN	0.906405612903	N124S(AA:1);S124R(AA:3,CC:1,CA:1);S124G(CA:1,AC:1);S124N(CC:2,AA:1,AC:2,CA:1)	3	3	5	3	8	6	14
144	128	141	132		A	1		1.648955	0.429357	6.332848	0.331829	8.194145	0.802816	NaN	NaN	NaN	NaN	0.906405612903	A128P(AC:1);A128V(AA:1);A128T(AA:1);T128N(AA:1);T128A(AA:2,AC:1);A128D(AA:1)	2	0	6	0	6	2	8
145	129	142	133		A		1	InF					0.765600	NaN	NaN	NaN	NaN	0.906405612903	G129E(AA:1)	0	0	1	0	1	0	1
146	130	143	134					InF					0.765600	NaN	NaN	NaN	NaN	0.906405612903	V130A(CA:1)	0	1	0	0	1	0	1
451	435	450	450					InF					0.765600	NaN	NaN	NaN	NaN	0.906405612903	H435Q(AA:1)	0	0	1	0	1	0	1
149	133	146	136	1	A	1	1	0.548135	0.053448	5.621353	0.034225	8.778648	0.751229	NaN	NaN	NaN	NaN	0.906405612903	N133D(AA:1,AC:1)	1	0	1	0	1	1	2
151	135	149	139	1	A	1		1.097222	0.146085	8.241084	0.099293	12.124662	0.605374	NaN	NaN	NaN	NaN	0.906405612903	T135K(AA:1,AC:1);K135T(CA:1)	1	1	1	0	2	1	3
152	136	150	140	1	A			0					0.765600	NaN	NaN	NaN	NaN	0.906405612903	S136R(AC:1)	1	0	0	0	0	1	1
153	137	151	141	1	A		1	InF					0.751229	NaN	NaN	NaN	NaN	0.906405612903	S137P(AA:1,CA:1)	0	1	1	0	2	0	2
154	138	152	142	1	A			2.757867	0.769232	9.887560	0.602384	12.626210	0.268640	NaN	NaN	NaN	NaN	0.906405612903	A138S(AA:7,AC:1,CA:1);S138A(AA:2,AC:1)	2	1	9	0	10	2	12
156	140	154	144	1	A		1	0.544978	0.249879	1.188579	0.215220	1.379990	0.302030	NaN	NaN	NaN	NaN	0.906405612903	I140K(AA:3);I140L(CA:1);I140M(CC:1,AA:2,AC:3);I140R(AC:1);I140T(AA:2,CC:1);M140I(CA:1,AC:1);I140V(AC:1);V140I(CC:1)	6	2	7	3	9	9	18
538	522	537	538					1.372933	0.345844	5.450277	0.265596	7.097029	0.987104	NaN	NaN	NaN	NaN	0.9871043	I522T(AA:3,CA:2,AC:2)	2	2	3	0	5	2	7
158	142	156	147		A		1	0.931486	0.481111	1.803467	0.423936	2.046692	0.979264	NaN	NaN	NaN	NaN	0.9871043	R142G(AA:6,CC:2,CA:1,AC:2);G142R(AA:2,AC:2);R142K(AA:7,CC:2,AC:2,CA:1)	6	2	15	4	17	10	27
159	143	157	148		A			InF					0.751229	NaN	NaN	NaN	NaN	0.906405612903	S143F(AA:1);F143S(AA:1)	0	0	2	0	2	0	2
160	144	158	149	1	A	1	1	0.546167	0.210540	1.416824	0.175413	1.700555	0.457196	NaN	NaN	NaN	NaN	0.906405612903	N144H(CA:1);R144K(CC:1);S144G(AA:1,CA:1);N144D(AA:1,CA:1,AC:1);N144S(AA:1,AC:1);S144R(AC:1);N144T(CC:1,AC:1)	4	3	3	2	6	6	12
161	145	159	150	1	A	1	1	1.097561	0.341996	3.522381	0.273558	4.403601	0.828596	NaN	NaN	NaN	NaN	0.925559920213	N145S(AA:1);S145G(AA:1,AC:1);S145N(AA:2,CC:1,AC:1);N145K(AA:1);N145D(AA:1)	2	0	6	1	6	3	9
166	150	164	155					0.822328	0.182775	3.699754	0.137041	4.934462	0.797050	NaN	NaN	NaN	NaN	0.906405612903	R150K(AA:3,CC:1,AC:1)	1	0	3	1	3	2	5
540	524	539	540					0.548135	0.053448	5.621353	0.034225	8.778648	0.751229	NaN	NaN	NaN	NaN	0.906405612903	C524S(AA:1,CC:1)	0	0	1	1	1	1	2
172	156	170	161	1	B		1	0					0.765600	NaN	NaN	NaN	NaN	0.906405612903	H156Q(CC:1)	0	0	0	1	0	1	1
173	157	171	162	1	B		1	1.648955	0.429357	6.332848	0.331829	8.194145	0.802816	NaN	NaN	NaN	NaN	0.906405612903	L157S(AA:3,CC:1,AC:1,CA:3)	1	3	3	1	6	2	8
174	158	172	163	1	B	1	1	1.647263	0.246077	11.026956	0.170985	15.869636	0.930984	NaN	NaN	NaN	NaN	0.958366397059	N158K(AA:2);K158R(AC:1);N158S(AA:1)	1	0	3	0	3	1	4
175	159	173	165	1	B	1	1	1.925458	0.513611	7.218272	0.398785	9.296701	0.624154	NaN	NaN	NaN	NaN	0.906405612903	F159S(AA:2);F159Y(AA:2);S159F(CC:1,AA:1,CA:1);S159Y(CC:1,AA:1)	0	1	6	2	7	2	9
176	160	174	167		B	1		2.351143	0.939034	5.886767	0.787688	7.017849	0.160400	NaN	NaN	NaN	NaN	0.906405612903	I160K(AA:2);T160I(CC:1,AA:2,CA:1);T160A(AA:2,CA:1);K160T(CA:1);T160K(AA:6,AC:2,CA:2);K160R(AC:1)	3	5	12	1	17	4	21
178	162	176	169					0.273634	0.036432	2.055230	0.024762	3.023749	0.605374	NaN	NaN	NaN	NaN	0.906405612903	P162Q(AA:1);Q162P(AC:2)	2	0	1	0	1	2	3
181	165	179	173			1	1	0.547743	0.105508	2.843590	0.076969	3.897960	0.930984	NaN	NaN	NaN	NaN	0.958366397059	N165K(AA:2,CC:1);K165N(AC:1)	1	0	2	1	2	2	4
183	167	181	175		D	1		InF					0.751229	NaN	NaN	NaN	NaN	0.906405612903	T167S(AA:1);T167I(CA:1)	0	1	1	0	2	0	2
184	168	182	176					0.182134	0.027208	1.219225	0.018905	1.754669	0.271055	NaN	NaN	NaN	NaN	0.906405612903	M168I(CC:2);M168V(AA:1,CC:1)	0	0	1	3	1	3	4
185	169	183	177					InF					0.765600	NaN	NaN	NaN	NaN	0.906405612903	P169S(CA:1)	0	1	0	0	1	0	1
187	171	185	179					1.925458	0.513611	7.218272	0.398785	9.296701	0.624154	NaN	NaN	NaN	NaN	0.906405612903	N171I(AA:1);N171K(AA:4);S171N(CC:1,CA:2);K171N(AC:1)	1	2	5	1	7	2	9
188	172	186	180					InF					0.297170	NaN	NaN	NaN	NaN	0.906405612903	E172G(AA:2,CA:1);E172K(AA:1)	0	1	3	0	4	0	4
189	173	187	181					0.822328	0.182775	3.699754	0.137041	4.934462	0.797050	NaN	NaN	NaN	NaN	0.906405612903	Q173L(AA:1);Q173H(CC:2,AA:1);Q173K(CA:1)	0	1	2	2	3	2	5
190	174	188	182					InF					0.751229	NaN	NaN	NaN	NaN	0.906405612903	F174V(AA:1);F174Y(AA:1)	0	0	2	0	2	0	2
191	175	189	183					InF					0.751229	NaN	NaN	NaN	NaN	0.906405612903	D175E(AA:1);D175N(AA:1)	0	0	2	0	2	0	2
197	181	195	189					InF					0.765600	NaN	NaN	NaN	NaN	0.906405612903	G181R(CA:1)	0	1	0	0	1	0	1
198	182	196	190					InF					0.120361	NaN	NaN	NaN	NaN	0.906405612903	F182V(AA:1);V182I(AA:3,CA:1);V182F(AA:1)	0	1	5	0	6	0	6
202	186	200	193	1	B			InF					0.188834	NaN	NaN	NaN	NaN	0.906405612903	G186S(AA:2);G186V(AA:1,CA:1);G186D(AA:1)	0	1	4	0	5	0	5
203	187	201	194	1			1	InF					0.765600	NaN	NaN	NaN	NaN	0.906405612903	T187S(CA:1)	0	1	0	0	1	0	1
204	188	202	195	1	B		1	1.097222	0.146085	8.241084	0.099293	12.124662	0.605374	NaN	NaN	NaN	NaN	0.906405612903	D188N(AA:1);D188E(CC:1,AA:1)	0	0	2	1	2	1	3
205	189	203	196	1	B			2.750218	0.452862	16.701989	0.320592	23.592892	0.582542	NaN	NaN	NaN	NaN	0.906405612903	N189S(AA:1);K189N(AC:1);K189R(AA:2,CA:1);R189K(AA:1)	1	1	4	0	5	1	6
208	192	206	199	1	B		1	0.546957	0.170429	1.755339	0.136324	2.194486	0.626700	NaN	NaN	NaN	NaN	0.906405612903	I192V(CA:1,AC:2);I192L(AC:1);V192I(CA:1,AC:1);I192T(AA:2)	4	2	2	0	4	4	8
209	193	207	200	1	B		1	0.546562	0.192493	1.551900	0.157626	1.895184	0.532177	NaN	NaN	NaN	NaN	0.906405612903	Y193F(AA:1);F193S(CC:2,AA:1,AC:1);F193Y(AA:2,CC:1,CA:1,AC:1)	2	1	4	3	5	5	10
210	194	208	201	1	B			InF					0.765600	NaN	NaN	NaN	NaN	0.906405612903	L194P(AA:1)	0	0	1	0	1	0	1
212	196	210	203	1	B		1	0					0.765600	NaN	NaN	NaN	NaN	0.906405612903	A196S(AC:1)	1	0	0	0	0	1	1
213	197	211	204		B		1	0.822328	0.182775	3.699754	0.137041	4.934462	0.797050	NaN	NaN	NaN	NaN	0.906405612903	Q197K(AA:2,CC:1,CA:1);K197Q(CC:1)	0	1	2	2	3	2	5
214	198	212	205		B		1	0.434904	0.198452	0.953083	0.170769	1.107588	0.131117	NaN	NaN	NaN	NaN	0.906405612903	A198S(AA:1,AC:1);S198P(CC:2,AA:6,AC:6);P198S(CA:1,AC:1)	8	1	7	2	8	10	18
215	199	213	206		B			InF					0.765600	NaN	NaN	NaN	NaN	0.906405612903	S199P(AA:1)	0	0	1	0	1	0	1
7	-	8	-					2.198261	0.348784	13.854849	0.245164	19.710692	0.797050	NaN	NaN	NaN	NaN	0.906405612903	V-L(AC:1);L-V(AA:4)	1	0	4	0	4	1	5
217	201	215	209		D			2.198261	0.348784	13.854849	0.245164	19.710692	0.797050	NaN	NaN	NaN	NaN	0.906405612903	R201G(AC:1);R201K(AA:2,CA:2)	1	2	2	0	4	1	5
218	202	216	210		D			InF					0.751229	NaN	NaN	NaN	NaN	0.906405612903	I202T(AA:1);V202I(AA:1)	0	0	2	0	2	0	2
223	207	221	215		D			InF					0.765600	NaN	NaN	NaN	NaN	0.906405612903	K207Q(AA:1)	0	0	1	0	1	0	1
224	208	222	216					1.097391	0.263420	4.571661	0.200438	6.008173	0.751507	NaN	NaN	NaN	NaN	0.906405612903	R208G(AA:1);R208K(CC:1,AA:1,AC:1);R208I(AA:2)	1	0	4	1	4	2	6
225	209	223	217					0.547743	0.105508	2.843590	0.076969	3.897960	0.930984	NaN	NaN	NaN	NaN	0.958366397059	N209S(CC:1);S209G(CA:1);S209N(CC:1,CA:1)	0	2	0	2	2	2	4
228	212	226	220					2.198261	0.348784	13.854849	0.245164	19.710692	0.797050	NaN	NaN	NaN	NaN	0.906405612903	A212T(AA:1);A212S(AA:2,AC:1,CA:1)	1	1	3	0	4	1	5
229	213	227	221					0					0.765600	NaN	NaN	NaN	NaN	0.906405612903	V213I(AC:1)	1	0	0	0	0	1	1
230	214	228	222		D			1.469244	0.665661	3.242909	0.572020	3.773780	0.556462	NaN	NaN	NaN	NaN	0.906405612903	V214I(AC:1);I214T(CC:1,AA:1,AC:1);I214V(AA:3,CA:1);I214S(AA:2);I214L(AA:1);I214F(CA:1);S214I(AA:5,CC:1,AC:2,CA:2)	4	4	12	2	16	6	22
232	216	230	224		D			0.181424	0.047239	0.696766	0.036509	0.901555	0.054981	NaN	NaN	NaN	NaN	0.906405612903	N216H(AC:4);N216S(AA:1,CA:1,AC:2)	6	1	1	0	2	6	8
233	217	231	225		D			InF					0.765600	NaN	NaN	NaN	NaN	0.906405612903	I217V(CA:1)	0	1	0	0	1	0	1
234	218	232	226		D		1	InF					0.765600	NaN	NaN	NaN	NaN	0.906405612903	G218R(CA:1)	0	1	0	0	1	0	1
235	219	233	227	1	D			1.647263	0.246077	11.026956	0.170985	15.869636	0.930984	NaN	NaN	NaN	NaN	0.958366397059	S219F(CC:1);S219Y(AA:2,CA:1)	0	1	2	1	3	1	4
236	220	234	228	1	D			InF					0.751229	NaN	NaN	NaN	NaN	0.906405612903	R220G(CA:1);R220K(AA:1)	0	1	1	0	2	0	2
237	221	235	229	1				0.694418	0.356107	1.354133	0.313358	1.538867	0.493810	NaN	NaN	NaN	NaN	0.906405612903	P221T(AA:1,CA:1,AC:1);P221S(CC:1);A221P(AA:1);P221L(AA:5,CC:6,CA:5,AC:1);P221H(AC:2);L221P(CA:1)	4	7	7	7	14	11	25
238	222	236	230	1	D		1	InF					0.751229	NaN	NaN	NaN	NaN	0.906405612903	R222K(AA:2)	0	0	2	0	2	0	2
239	223	237	231	1	D			0.409861	0.116371	1.443538	0.091441	1.837101	0.429422	NaN	NaN	NaN	NaN	0.906405612903	I223V(AA:2);I223T(AC:1);V223I(CC:1,AA:1,AC:2)	3	0	3	1	3	4	7
240	224	238	232	1				InF					0.765600	NaN	NaN	NaN	NaN	0.906405612903	R224K(AA:1)	0	0	1	0	1	0	1
40	24	31	14			1		0.548135	0.053448	5.621353	0.034225	8.778648	0.751229	NaN	NaN	NaN	NaN	0.906405612903	T24A(CC:1,CA:1)	0	1	0	1	1	1	2
243	227	241	240	1	D		1	InF					0.765600	NaN	NaN	NaN	NaN	0.906405612903	P227S(AA:1)	0	0	1	0	1	0	1
246	230	244	243					0.364583	0.081034	1.640307	0.060758	2.187722	0.504495	NaN	NaN	NaN	NaN	0.906405612903	I230M(AA:1);V230I(CC:2,AA:1);I230V(AC:1)	1	0	2	2	2	3	5
248	232	246	245					InF					0.765600	NaN	NaN	NaN	NaN	0.906405612903	I232V(AA:1)	0	0	1	0	1	0	1
249	233	247	246					0.548135	0.053448	5.621353	0.034225	8.778648	0.751229	NaN	NaN	NaN	NaN	0.906405612903	Y233H(AA:1,CC:1)	0	0	1	1	1	1	2
251	235	249	248					0					0.765600	NaN	NaN	NaN	NaN	0.906405612903	T235A(AC:1)	1	0	0	0	0	1	1
252	236	250	249					InF					0.470095	NaN	NaN	NaN	NaN	0.906405612903	I236T(AA:1);I236V(CA:2)	0	2	1	0	3	0	3
254	238	252	251					InF					0.751229	NaN	NaN	NaN	NaN	0.906405612903	K238E(AA:1);K238R(AA:1)	0	0	2	0	2	0	2
255	239	253	252					InF					0.751229	NaN	NaN	NaN	NaN	0.906405612903	P239S(AA:2)	0	0	2	0	2	0	2
258	242	256	255		D			2.750218	0.452862	16.701989	0.320592	23.592892	0.582542	NaN	NaN	NaN	NaN	0.906405612903	I242V(CC:1,AA:1,CA:1);I242M(AA:1,CA:2)	0	3	2	1	5	1	6
555	539	555	556					0					0.253672	NaN	NaN	NaN	NaN	0.906405612903	C539S(CC:1,AC:1)	1	0	0	1	0	2	2
260	244	258	257					InF					0.765600	NaN	NaN	NaN	NaN	0.906405612903	L244F(CA:1)	0	1	0	0	1	0	1
261	245	259	258					InF					0.765600	NaN	NaN	NaN	NaN	0.906405612903	I245F(CA:1)	0	1	0	0	1	0	1
262	246	260	259		B	1		0					0.030188	NaN	NaN	NaN	NaN	0.906405612903	I246N(CC:1);N246H(AC:2);N246S(CC:1)	2	0	0	2	0	4	4
263	247	261	260		B	1		InF					0.751229	NaN	NaN	NaN	NaN	0.906405612903	S247N(CA:1);S247C(CA:1)	0	2	0	0	2	0	2
264	248	262	261			1		InF					0.765600	NaN	NaN	NaN	NaN	0.906405612903	T248I(CA:1)	0	1	0	0	1	0	1
269	253	267	266					InF					0.765600	NaN	NaN	NaN	NaN	0.906405612903	A253G(CA:1)	0	1	0	0	1	0	1
270	254	268	267					InF					0.765600	NaN	NaN	NaN	NaN	0.906405612903	P254C(CA:1)	0	1	0	0	1	0	1
22	6	-	-					0					0.765600	NaN	NaN	NaN	NaN	0.906405612903	N6S(AC:1)	1	0	0	0	0	1	1
275	259	273	272					0					0.765600	NaN	NaN	NaN	NaN	0.906405612903	K259R(AC:1)	1	0	0	0	0	1	1
276	260	274	273					InF					0.297170	NaN	NaN	NaN	NaN	0.906405612903	I260V(AA:1,CA:1);I260M(AA:1);V260I(AA:1)	0	1	3	0	4	0	4
277	261	276	-					1.374563	0.517638	3.650085	0.429347	4.400692	0.795249	NaN	NaN	NaN	NaN	0.906405612903	R261L(AA:2,CA:1);Q261H(CA:1);Q261R(CA:1,AC:1);R261Q(AA:2,CC:2,AC:1,CA:3)	2	6	4	2	10	4	14
278	262	277	274				1	6.082240	1.089036	33.969170	0.783421	47.220610	0.070429	NaN	NaN	NaN	NaN	0.906405612903	H262N(AA:1);S262G(AA:3);S262N(CC:1,AA:4,CA:3)	0	3	8	1	11	1	12
279	263	278	275					InF					0.751229	NaN	NaN	NaN	NaN	0.906405612903	G263E(AA:2)	0	0	2	0	2	0	2
280	264	279	276					0.182134	0.027208	1.219225	0.018905	1.754669	0.271055	NaN	NaN	NaN	NaN	0.906405612903	K264E(CC:1,AC:1);K264R(AA:1);E264K(AC:1)	2	0	1	1	1	3	4
281	265	280	277					InF					0.765600	NaN	NaN	NaN	NaN	0.906405612903	S265G(AA:1)	0	0	1	0	1	0	1
283	267	282	279					InF					0.470095	NaN	NaN	NaN	NaN	0.906405612903	V267I(AA:1);I267M(CA:1);I267V(AA:1)	0	1	2	0	3	0	3
284	268	283	280					1.097222	0.146085	8.241084	0.099293	12.124662	0.605374	NaN	NaN	NaN	NaN	0.906405612903	M268I(AA:2,AC:1)	1	0	2	0	2	1	3
285	269	284	281				1	3.303136	0.557776	19.561094	0.396772	27.498708	0.419380	NaN	NaN	NaN	NaN	0.906405612903	R269K(AA:4,AC:1);K269R(AA:2)	1	0	6	0	6	1	7
287	271	286	283		C			InF					0.751229	NaN	NaN	NaN	NaN	0.906405612903	D271N(AA:1);D271G(AA:1)	0	0	2	0	2	0	2
288	272	287	284					0.273634	0.036432	2.055230	0.024762	3.023749	0.605374	NaN	NaN	NaN	NaN	0.906405612903	A272V(AC:2);A272S(CA:1)	2	1	0	0	1	2	3
289	273	288	285		C		1	0.822328	0.182775	3.699754	0.137041	4.934462	0.797050	NaN	NaN	NaN	NaN	0.906405612903	P273T(AA:1);H273P(CA:2);P273S(AC:2)	2	2	1	0	3	2	5
291	275	290	287		C			1.097222	0.146085	8.241084	0.099293	12.124662	0.605374	NaN	NaN	NaN	NaN	0.906405612903	S275G(AC:1);G275S(AA:1,CA:1)	1	1	1	0	2	1	3
292	276	291	288		C			0.730435	0.207391	2.572600	0.162962	3.273987	0.987104	NaN	NaN	NaN	NaN	0.9871043	R276K(CC:1,AA:1);Q276K(CA:1);K276N(AA:1,AC:1);K276E(AC:1);K276R(CA:1)	2	2	2	1	4	3	7
294	278	293	290		C			0.547743	0.105508	2.843590	0.076969	3.897960	0.930984	NaN	NaN	NaN	NaN	0.958366397059	N278S(CC:1);K278S(AA:1);K278R(AC:1);K278M(AA:1)	1	0	2	1	2	2	4
295	279	294	291				1	InF					0.751229	NaN	NaN	NaN	NaN	0.906405612903	S279A(AA:1);S279F(AA:1)	0	0	2	0	2	0	2
296	280	295	292			1		2.198261	0.348784	13.854849	0.245164	19.710692	0.797050	NaN	NaN	NaN	NaN	0.906405612903	A280T(AA:1);E280K(AA:1);E280D(AA:1);E280G(CA:1,AC:1)	1	1	3	0	4	1	5
297	281	296	293					InF					0.765600	NaN	NaN	NaN	NaN	0.906405612903	C281R(AA:1)	0	0	1	0	1	0	1
453	437	452	452					InF					0.765600	NaN	NaN	NaN	NaN	0.906405612903	I437L(CA:1)	0	1	0	0	1	0	1
302	286	301	298			1		InF					0.765600	NaN	NaN	NaN	NaN	0.906405612903	G286V(AA:1)	0	0	1	0	1	0	1
304	288	303	300					InF					0.470095	NaN	NaN	NaN	NaN	0.906405612903	V288I(AA:1);I288V(CA:2)	0	2	1	0	3	0	3
305	289	304	301					0					0.765600	NaN	NaN	NaN	NaN	0.906405612903	S289P(CC:1)	0	0	0	1	0	1	1
306	290	305	302					0.273634	0.036432	2.055230	0.024762	3.023749	0.605374	NaN	NaN	NaN	NaN	0.906405612903	N290S(AA:1,AC:2)	2	0	1	0	1	2	3
307	291	306	303					InF					0.120361	NaN	NaN	NaN	NaN	0.906405612903	D291E(AA:1);D291G(AA:2,CA:2);D291N(AA:1)	0	2	4	0	6	0	6
308	292	307	304					0					0.030188	NaN	NaN	NaN	NaN	0.906405612903	K292R(AC:4)	4	0	0	0	0	4	4
309	293	308	305					InF					0.765600	NaN	NaN	NaN	NaN	0.906405612903	P293T(CA:1)	0	1	0	0	1	0	1
313	297	312	310					1.097222	0.146085	8.241084	0.099293	12.124662	0.605374	NaN	NaN	NaN	NaN	0.906405612903	V297I(AA:2,AC:1)	1	0	2	0	2	1	3
314	298	313	311					InF					0.765600	NaN	NaN	NaN	NaN	0.906405612903	N298D(AA:1)	0	0	1	0	1	0	1
315	299	314	312					0.548135	0.053448	5.621353	0.034225	8.778648	0.751229	NaN	NaN	NaN	NaN	0.906405612903	R299K(AA:1,AC:1)	1	0	1	0	1	1	2
316	300	315	313			1		0.273634	0.036432	2.055230	0.024762	3.023749	0.605374	NaN	NaN	NaN	NaN	0.906405612903	I300V(AA:1);I300T(CC:1,AC:1)	1	0	1	1	1	2	3
317	301	316	314					1.647263	0.246077	11.026956	0.170985	15.869636	0.930984	NaN	NaN	NaN	NaN	0.958366397059	T301I(CA:1);A301T(CC:1,CA:2)	0	3	0	1	3	1	4
320	304	319	317					1.281604	0.410667	3.999613	0.330251	4.973525	0.977632	NaN	NaN	NaN	NaN	0.9871043	A304V(AA:1);A304T(AA:5,CC:1,CA:1);T304A(AC:1);A304P(CC:1)	1	1	6	2	7	3	10
5	-	6	-					0.548135	0.053448	5.621353	0.034225	8.778648	0.751229	NaN	NaN	NaN	NaN	0.906405612903	I-S(AC:1);I-V(AA:1)	1	0	1	0	1	1	2
324	308	323	321					0					0.253672	NaN	NaN	NaN	NaN	0.906405612903	Y308F(CC:1,AC:1)	1	0	0	1	0	2	2
325	309	324	322					1.281604	0.410667	3.999613	0.330251	4.973525	0.977632	NaN	NaN	NaN	NaN	0.9871043	V309I(CC:2,AA:5,CA:2,AC:1)	1	2	5	2	7	3	10
326	310	325	323					InF					0.765600	NaN	NaN	NaN	NaN	0.906405612903	K310R(AA:1)	0	0	1	0	1	0	1
327	311	326	324					0.548135	0.053448	5.621353	0.034225	8.778648	0.751229	NaN	NaN	NaN	NaN	0.906405612903	Q311L(AA:1);H311L(AC:1)	1	0	1	0	1	1	2
328	312	327	-				1	0.682911	0.311623	1.496575	0.268153	1.739184	0.582072	NaN	NaN	NaN	NaN	0.906405612903	S312N(AA:4,CC:2,AC:4,CA:2);S312R(AA:1,CA:1);G312S(AC:1);N312S(AA:2,AC:1)	6	3	7	2	10	8	18
329	313	328	325					0					0.765600	NaN	NaN	NaN	NaN	0.906405612903	T313N(CC:1)	0	0	0	1	0	1	1
2	-	2	-					InF					0.765600	NaN	NaN	NaN	NaN	0.906405612903	R-K(AA:1)	0	0	1	0	1	0	1
339	323	338	335					1.097731	0.399553	3.015906	0.329250	3.659878	0.880491	NaN	NaN	NaN	NaN	0.958366397059	I323V(CC:1,CA:3);V323L(CA:1,AC:1);V323I(CC:1,AA:2,CA:1,AC:1);V323A(AA:1)	2	5	3	2	8	4	12
340	324	339	336					InF					0.765600	NaN	NaN	NaN	NaN	0.906405612903	P324Q(AA:1)	0	0	1	0	1	0	1
342	326	341	341					1.097222	0.146085	8.241084	0.099293	12.124662	0.605374	NaN	NaN	NaN	NaN	0.906405612903	K326R(AA:1);R326K(AA:1,AC:1)	1	0	2	0	2	1	3
344	328	343	343					1.925458	0.513611	7.218272	0.398785	9.296701	0.624154	NaN	NaN	NaN	NaN	0.906405612903	T328A(CC:1,AA:3,CA:2);T328S(CC:1);T328I(AA:2)	0	2	5	2	7	2	9
345	329	344	344					0.548135	0.053448	5.621353	0.034225	8.778648	0.751229	NaN	NaN	NaN	NaN	0.906405612903	R329K(CC:1,AA:1)	0	0	1	1	1	1	2
347	331	346	346					InF					0.470095	NaN	NaN	NaN	NaN	0.906405612903	I331L(AA:1,CA:1);I331V(AA:1)	0	1	2	0	3	0	3
348	332	347	347					InF					0.765600	NaN	NaN	NaN	NaN	0.906405612903	F332L(CA:1)	0	1	0	0	1	0	1
349	333	348	348					0					0.765600	NaN	NaN	NaN	NaN	0.906405612903	G333S(AC:1)	1	0	0	0	0	1	1
351	335	350	350					0.364583	0.081034	1.640307	0.060758	2.187722	0.504495	NaN	NaN	NaN	NaN	0.906405612903	V335I(CC:1,AA:2,AC:2)	2	0	2	1	2	3	5
360	344	359	359					InF					0.751229	NaN	NaN	NaN	NaN	0.906405612903	E344G(AA:1);E344V(AA:1)	0	0	2	0	2	0	2
363	347	362	362					1.469244	0.665661	3.242909	0.572020	3.773780	0.556462	NaN	NaN	NaN	NaN	0.906405612903	M347K(CA:2);V347K(CC:1);M347V(AA:1);V347M(CC:3,AA:10,AC:2,CA:3)	2	5	11	4	16	6	22
369	353	368	368					0.548135	0.053448	5.621353	0.034225	8.778648	0.751229	NaN	NaN	NaN	NaN	0.906405612903	F353Y(CA:1,AC:1)	1	1	0	0	1	1	2
370	354	369	369					0					0.765600	NaN	NaN	NaN	NaN	0.906405612903	R354K(CC:1)	0	0	0	1	0	1	1
372	356	371	371					1.097222	0.146085	8.241084	0.099293	12.124662	0.605374	NaN	NaN	NaN	NaN	0.906405612903	Q356H(AA:1);Q356L(AA:1,AC:1)	1	0	2	0	2	1	3
374	358	373	373					InF					0.765600	NaN	NaN	NaN	NaN	0.906405612903	S358Y(AA:1)	0	0	1	0	1	0	1
377	361	376	376					1.097222	0.146085	8.241084	0.099293	12.124662	0.605374	NaN	NaN	NaN	NaN	0.906405612903	R361I(AA:2);S361R(AC:1)	1	0	2	0	2	1	3
524	508	523	522					0.273634	0.036432	2.055230	0.024762	3.023749	0.605374	NaN	NaN	NaN	NaN	0.906405612903	R508K(CC:1,CA:1);K508R(AC:1)	1	1	0	1	1	2	3
383	367	382	382					InF					0.765600	NaN	NaN	NaN	NaN	0.906405612903	L367F(CA:1)	0	1	0	0	1	0	1
384	368	383	383					0.364583	0.081034	1.640307	0.060758	2.187722	0.504495	NaN	NaN	NaN	NaN	0.906405612903	K368E(AC:1);K368R(CC:2);K368Q(AA:1,CA:1)	1	1	1	2	2	3	5
388	372	387	387					2.750218	0.452862	16.701989	0.320592	23.592892	0.582542	NaN	NaN	NaN	NaN	0.906405612903	A372T(AA:3,CA:1);A372S(CA:1,AC:1)	1	2	3	0	5	1	6
390	374	389	389					0					0.253672	NaN	NaN	NaN	NaN	0.906405612903	I374V(CC:1,AC:1)	1	0	0	1	0	2	2
391	375	390	390					0.273003	0.065532	1.137319	0.049864	1.494689	0.253192	NaN	NaN	NaN	NaN	0.906405612903	D375N(CC:2,AA:1,CA:1);N375D(CC:2)	0	1	1	4	2	4	6
392	376	391	391					InF					0.765600	NaN	NaN	NaN	NaN	0.906405612903	Q376K(AA:1)	0	0	1	0	1	0	1
395	379	394	394					1.647263	0.246077	11.026956	0.170985	15.869636	0.930984	NaN	NaN	NaN	NaN	0.958366397059	G379E(CC:1,CA:3)	0	3	0	1	3	1	4
397	381	396	396					0.273634	0.036432	2.055230	0.024762	3.023749	0.605374	NaN	NaN	NaN	NaN	0.906405612903	L381M(CC:2,AA:1)	0	0	1	2	1	2	3
398	382	397	397					0					0.765600	NaN	NaN	NaN	NaN	0.906405612903	N382D(CC:1)	0	0	0	1	0	1	1
399	383	398	398					1.097222	0.146085	8.241084	0.099293	12.124662	0.605374	NaN	NaN	NaN	NaN	0.906405612903	R383K(AA:1);K383R(CC:1);G383R(CA:1)	0	1	1	1	2	1	3
402	386	401	401					InF					0.751229	NaN	NaN	NaN	NaN	0.906405612903	G386E(AA:1);G386R(CA:1)	0	1	1	0	2	0	2
403	387	402	402					0.548135	0.053448	5.621353	0.034225	8.778648	0.751229	NaN	NaN	NaN	NaN	0.906405612903	K387R(AC:1,CA:1)	1	1	0	0	1	1	2
404	388	403	403					0					0.765600	NaN	NaN	NaN	NaN	0.906405612903	T388S(AC:1)	1	0	0	0	0	1	1
406	390	405	405					InF					0.297170	NaN	NaN	NaN	NaN	0.906405612903	E390K(AA:1);E390G(AA:1,CA:1);E390D(CA:1)	0	2	2	0	4	0	4
408	392	407	407					InF					0.765600	NaN	NaN	NaN	NaN	0.906405612903	F392S(AA:1)	0	0	1	0	1	0	1
411	395	410	410					0					0.765600	NaN	NaN	NaN	NaN	0.906405612903	I395V(CC:1)	0	0	0	1	0	1	1
525	509	524	523					0.273634	0.036432	2.055230	0.024762	3.023749	0.605374	NaN	NaN	NaN	NaN	0.906405612903	S509P(AC:1);S509A(AA:1);S509L(CC:1)	1	0	1	1	1	2	3
416	400	415	415					InF					0.120361	NaN	NaN	NaN	NaN	0.906405612903	T400S(AA:1);S400T(AA:2);S400L(AA:1,CA:2)	0	2	4	0	6	0	6
418	402	417	417					0.547743	0.105508	2.843590	0.076969	3.897960	0.930984	NaN	NaN	NaN	NaN	0.958366397059	V402A(AA:1);V402I(CC:2,AA:1)	0	0	2	2	2	2	4
421	405	420	420					InF					0.765600	NaN	NaN	NaN	NaN	0.906405612903	R405S(CA:1)	0	1	0	0	1	0	1
422	406	421	421					0.273634	0.036432	2.055230	0.024762	3.023749	0.605374	NaN	NaN	NaN	NaN	0.906405612903	I406T(AA:1);I406V(CC:2)	0	0	1	2	1	2	3
241	225	239	238	1	D		1	1.435993	0.774345	2.662994	0.687976	2.997306	0.420984	NaN	NaN	NaN	NaN	0.906405612903	D225N(AA:4,AC:3);N225D(AA:15,CC:2,CA:7,AC:5)	8	7	19	2	26	10	36
424	408	423	423					InF					0.470095	NaN	NaN	NaN	NaN	0.906405612903	D408A(AA:1);D408N(AA:2)	0	0	3	0	3	0	3
427	411	426	426					InF					0.470095	NaN	NaN	NaN	NaN	0.906405612903	K411R(AA:2,CA:1)	0	1	2	0	3	0	3
429	413	428	428					InF					0.765600	NaN	NaN	NaN	NaN	0.906405612903	V413I(CA:1)	0	1	0	0	1	0	1
157	141	155	146					InF					0.765600	NaN	NaN	NaN	NaN	0.906405612903	R141K(CA:1)	0	1	0	0	1	0	1
432	416	431	431					0.548135	0.053448	5.621353	0.034225	8.778648	0.751229	NaN	NaN	NaN	NaN	0.906405612903	T416N(AC:1);T416A(CA:1)	1	1	0	0	1	1	2
434	418	433	433					0.730435	0.207391	2.572600	0.162962	3.273987	0.987104	NaN	NaN	NaN	NaN	0.9871043	I418V(AA:3,CC:2,AC:1,CA:1)	1	1	3	2	4	3	7
436	420	435	435					InF					0.765600	NaN	NaN	NaN	NaN	0.906405612903	I420L(AA:1)	0	0	1	0	1	0	1
438	422	437	437					0					0.765600	NaN	NaN	NaN	NaN	0.906405612903	S422T(AC:1)	1	0	0	0	0	1	1
440	424	439	439					2.750218	0.452862	16.701989	0.320592	23.592892	0.582542	NaN	NaN	NaN	NaN	0.906405612903	N424K(AA:1,CA:1,AC:1);N424S(CA:2);S424K(AA:1)	1	3	2	0	5	1	6
441	425	440	440					0.548135	0.053448	5.621353	0.034225	8.778648	0.751229	NaN	NaN	NaN	NaN	0.906405612903	A425S(AC:1,CA:1)	1	1	0	0	1	1	2
526	510	525	524				1	InF					0.765600	NaN	NaN	NaN	NaN	0.906405612903	G510E(CA:1)	0	1	0	0	1	0	1
444	428	443	443					0.273634	0.036432	2.055230	0.024762	3.023749	0.605374	NaN	NaN	NaN	NaN	0.906405612903	L428F(AC:1);L428I(AC:1);L428V(AA:1)	2	0	1	0	1	2	3
446	430	445	445					2.750218	0.452862	16.701989	0.320592	23.592892	0.582542	NaN	NaN	NaN	NaN	0.906405612903	S430A(AA:2,AC:1);A430V(CA:1);A430S(AA:2)	1	1	4	0	5	1	6
447	431	446	446					InF					0.297170	NaN	NaN	NaN	NaN	0.906405612903	L431M(AA:4)	0	0	4	0	4	0	4
331	315	330	327					0.548135	0.053448	5.621353	0.034225	8.778648	0.751229	NaN	NaN	NaN	NaN	0.906405612903	K315R(CA:1,AC:1)	1	1	0	0	1	1	2
49	33	40	23					0.325610	0.138697	0.764413	0.117786	0.900120	0.050493	NaN	NaN	NaN	NaN	0.906405612903	R33Q(CC:2,AA:6,AC:7);Q33R(CC:1)	7	0	6	3	6	10	16
454	438	453	453					1.648955	0.429357	6.332848	0.331829	8.194145	0.802816	NaN	NaN	NaN	NaN	0.906405612903	H438D(AA:1);D438H(AA:2,CC:1,CA:2,AC:1);D438E(AA:1)	1	2	4	1	6	2	8
455	439	454	454					InF					0.765600	NaN	NaN	NaN	NaN	0.906405612903	L439I(AA:1)	0	0	1	0	1	0	1
457	441	456	456					InF					0.751229	NaN	NaN	NaN	NaN	0.906405612903	D441E(AA:1);D441G(AA:1)	0	0	2	0	2	0	2
458	442	457	457					InF					0.751229	NaN	NaN	NaN	NaN	0.906405612903	S442A(AA:2)	0	0	2	0	2	0	2
459	443	458	458					InF					0.765600	NaN	NaN	NaN	NaN	0.906405612903	E443Q(AA:1)	0	0	1	0	1	0	1
461	445	460	460					0.959677	0.341147	2.699659	0.279852	3.290962	0.800435	NaN	NaN	NaN	NaN	0.906405612903	N445K(AA:1,AC:1);T445N(CC:1);S445N(AA:3);N445S(CC:2,AA:2,CA:1)	1	1	6	3	7	4	11
466	450	465	465					0.273634	0.036432	2.055230	0.024762	3.023749	0.605374	NaN	NaN	NaN	NaN	0.906405612903	K450R(AA:1);R450K(AC:1);K450E(AC:1)	2	0	1	0	1	2	3
468	452	467	467					0.547743	0.105508	2.843590	0.076969	3.897960	0.930984	NaN	NaN	NaN	NaN	0.958366397059	K452T(AA:1);K452E(CA:1);R452K(AC:1);K452R(AC:1)	2	1	1	0	2	2	4
469	453	468	468					InF					0.765600	NaN	NaN	NaN	NaN	0.906405612903	K453E(CA:1)	0	1	0	0	1	0	1
470	454	469	469					1.097222	0.146085	8.241084	0.099293	12.124662	0.605374	NaN	NaN	NaN	NaN	0.906405612903	Q454L(AA:1,AC:1);Q454K(AA:1)	1	0	2	0	2	1	3
478	462	477	477					InF					0.751229	NaN	NaN	NaN	NaN	0.906405612903	M462I(AA:1);M462T(AA:1)	0	0	2	0	2	0	2
442	426	441	441					0.548135	0.053448	5.621353	0.034225	8.778648	0.751229	NaN	NaN	NaN	NaN	0.906405612903	E426D(CC:1,CA:1)	0	1	0	1	1	1	2
483	467	482	482					0.548135	0.053448	5.621353	0.034225	8.778648	0.751229	NaN	NaN	NaN	NaN	0.906405612903	F467L(AA:1,AC:1)	1	0	1	0	1	1	2
484	468	483	483					0					0.030188	NaN	NaN	NaN	NaN	0.906405612903	K468T(AC:1);K468R(AC:3)	4	0	0	0	0	4	4
488	472	487	487					1.097222	0.146085	8.241084	0.099293	12.124662	0.605374	NaN	NaN	NaN	NaN	0.906405612903	K472R(CC:1);K472Q(AA:1);K472E(AA:1)	0	0	2	1	2	1	3
490	474	489	489				1	0.547743	0.105508	2.843590	0.076969	3.897960	0.930984	NaN	NaN	NaN	NaN	0.958366397059	D474V(AC:1);D474N(CC:1,AA:2)	1	0	2	1	2	2	4
492	476	491	491				1	0.077562	0.013338	0.451036	0.009521	0.631855	0.007642	NaN	NaN	NaN	NaN	0.906405612903	A476D(AC:1);A476T(CC:3,AC:1);T476A(AA:1);A476V(CC:1,AC:1)	3	0	1	4	1	7	8
494	478	493	493					0.364583	0.081034	1.640307	0.060758	2.187722	0.504495	NaN	NaN	NaN	NaN	0.906405612903	I478M(AA:1,AC:3);M478I(CA:1)	3	1	1	0	2	3	5
495	479	494	494					5.524476	0.982134	31.075016	0.705555	43.256505	0.102024	NaN	NaN	NaN	NaN	0.906405612903	G479E(AA:6,CC:1,CA:1);G479V(AA:1);E479G(CA:1);G479S(AA:1)	0	2	8	1	10	1	11
496	480	495	495					0					0.765600	NaN	NaN	NaN	NaN	0.906405612903	S480A(AC:1)	1	0	0	0	0	1	1
497	481	496	496					InF					0.765600	NaN	NaN	NaN	NaN	0.906405612903	I481L(AA:1)	0	0	1	0	1	0	1
498	482	497	497					InF					0.765600	NaN	NaN	NaN	NaN	0.906405612903	R482I(CA:1)	0	1	0	0	1	0	1
500	484	499	499			1		InF					0.751229	NaN	NaN	NaN	NaN	0.906405612903	G484E(AA:2)	0	0	2	0	2	0	2
528	512	527	528					0.548135	0.053448	5.621353	0.034225	8.778648	0.751229	NaN	NaN	NaN	NaN	0.906405612903	K512E(AA:1);K512T(AC:1)	1	0	1	0	1	1	2
503	487	502	502					2.198261	0.348784	13.854849	0.245164	19.710692	0.797050	NaN	NaN	NaN	NaN	0.906405612903	N487K(CC:1);D487N(AA:3,CA:1)	0	1	3	1	4	1	5
504	488	503	503					0					0.765600	NaN	NaN	NaN	NaN	0.906405612903	H488L(AC:1)	1	0	0	0	0	1	1
505	489	504	504					1.376207	0.619106	3.059163	0.531293	3.564789	0.663337	NaN	NaN	NaN	NaN	0.906405612903	D489Y(CA:1);N489D(CC:1,CA:3);D489G(CA:1);D489N(AA:7,AC:5,CA:3)	5	8	7	1	15	6	21
506	490	505	505					0.547743	0.105508	2.843590	0.076969	3.897960	0.930984	NaN	NaN	NaN	NaN	0.958366397059	V490L(AA:1,CC:1);V490A(AA:1);V490I(AC:1)	1	0	2	1	2	2	4
10	-	11	-					0.136383	0.021639	0.859579	0.015210	1.222886	0.115642	NaN	NaN	NaN	NaN	0.906405612903	L-I(CC:1);I-F(AC:1);I-T(AA:1,AC:1);I-V(AC:1)	3	0	1	1	1	4	5
509	493	508	508					InF					0.076867	NaN	NaN	NaN	NaN	0.906405612903	D493E(AA:1);D493N(AA:4,CA:1);N493D(AA:1)	0	1	6	0	7	0	7
