abs_pos	ref(H3)	ref(H1)	ref(B73)	RBS	AS	GS	PS	OR_uMLE	wald_MLE_CI90L	wald_MLE_CI90R	wald_MLE_CI95L	wald_MLE_CI95R	p-value	ss_CI90L	ss_CI90R	ss_CI95L	ss_CI95R	q-value	Mutations(B73)	AC	CA	AA	CC	End-in-Adult	End-in-Child	Total
512	479	494	494					0					0.370431	0.000000	2.498348	0.000000	3.562464	0.784365452756	N494D(CC:3)	0	0	0	3	0	3	3
513	480	495	495					0					0.727113	0.000000	7.531379	0.000000	10.707050	0.784365452756	R495K(CC:1)	0	0	0	1	0	1	1
2	-	2	-					1.387387	0.183508	10.489152	0.124573	15.451546	0.871942	0.233390	8.272094	0.179799	10.737661	0.89146329403	K-E(CC:2,AA:1)	0	0	1	2	1	2	3
5	-	6	-					0					0.727113	0.000000	7.531379	0.000000	10.707050	0.784365452756	I-V(CC:1)	0	0	0	1	0	1	1
6	-	7	-					5.618182	0.743075	42.477520	0.504425	62.574111	0.133839	0.942276	33.397292	0.725912	43.351635	0.611197186667	V-A(CC:1,CA:2)	0	2	0	1	2	1	3
520	487	502	502					0					0.727113	0.000000	7.531379	0.000000	10.707050	0.784365452756	D502N(CC:1)	0	0	0	1	0	1	1
521	488	503	503					0					0.727113	0.000000	7.531379	0.000000	10.707050	0.784365452756	A503V(CC:1)	0	0	0	1	0	1	1
11	-	13	-					8.504587	1.261503	57.334796	0.875364	82.626235	0.035457	1.546663	46.577305	1.198688	59.978549	0.584550585185	A-V(AA:1);V-A(AC:1,CA:1);V-I(AA:1)	1	1	2	0	3	1	4
12	-	14	-					0					0.727113	0.000000	7.531379	0.000000	10.707050	0.784365452756	T-A(CC:1)	0	0	0	1	0	1	1
14	-	16	-					0.921922	0.136765	6.214623	0.094904	8.955832	0.992277	0.168334	5.069342	0.130723	6.540958	0.9922772	N-K(CC:1);N-T(CC:2,CA:1)	0	1	0	3	1	3	4
20	15	22	5					InF					0.115203	1.022570	Inf	0.719280	Inf	0.584550585185	T5N(CA:1)	0	1	0	0	1	0	1
534	502	517	516			1		0					0.727113	0.000000	7.531379	0.000000	10.707050	0.784365452756	I516V(CC:1)	0	0	0	1	0	1	1
25	20	27	10					InF					0.115203	1.022570	Inf	0.719280	Inf	0.584550585185	S10T(CA:1)	0	1	0	0	1	0	1
26	21	28	11					0					0.727113	0.000000	7.531379	0.000000	10.707050	0.784365452756	N11S(CC:1)	0	0	0	1	0	1	1
27	22	29	12					0					0.727113	0.000000	7.531379	0.000000	10.707050	0.784365452756	A12S(CC:1)	0	0	0	1	0	1	1
540	508	523	522					0					0.470426	0.000000	3.760024	0.000000	5.350816	0.784365452756	N522S(CC:2)	0	0	0	2	0	2	2
541	509	524	523					0					0.262505	0.000000	1.867826	0.000000	2.663385	0.784365452756	D523E(CC:1);D523G(CC:2);D523N(CC:1)	0	0	0	4	0	4	4
542	510	525	524				1	0					0.727113	0.000000	7.531379	0.000000	10.707050	0.784365452756	D524Y(CC:1)	0	0	0	1	0	1	1
543	511	526	525					InF					0.115203	1.022570	Inf	0.719280	Inf	0.584550585185	G525R(AA:1)	0	0	1	0	1	0	1
545	-	-	527					0					0.727113	0.000000	7.531379	0.000000	10.707050	0.784365452756	D527G(CC:1)	0	0	0	1	0	1	1
547	513	528	529			1		InF					0.115203	1.022570	Inf	0.719280	Inf	0.584550585185	H529L(AA:1)	0	0	1	0	1	0	1
548	514	529	530			1		InF					0.115203	1.022570	Inf	0.719280	Inf	0.584550585185	T530I(AA:1)	0	0	1	0	1	0	1
518	485	500	500					0					0.727113	0.000000	7.531379	0.000000	10.707050	0.784365452756	T500I(AC:1)	1	0	0	0	0	1	1
556	522	537	538					0					0.370431	0.000000	2.498348	0.000000	3.562464	0.784365452756	A538T(CC:1);T538A(CC:1);A538V(CC:1)	0	0	0	3	0	3	3
560	526	541	542					0					0.727113	0.000000	7.531379	0.000000	10.707050	0.784365452756	L542F(CC:1)	0	0	0	1	0	1	1
49	44	51	34					2.783784	0.269906	28.711660	0.172645	44.886731	0.553862	0.379254	20.453865	0.287535	26.951366	0.784365452756	T34I(CC:1,AA:1)	0	0	1	1	1	1	2
562	528	543	544					2.783784	0.269906	28.711660	0.172645	44.886731	0.553862	0.379254	20.453865	0.287535	26.951366	0.784365452756	V544L(AA:1);V544I(CC:1)	0	0	1	1	1	1	2
51	46	53	36					0					0.727113	0.000000	7.531379	0.000000	10.707050	0.784365452756	P36L(CC:1)	0	0	0	1	0	1	1
52	47	54	37					0					0.370431	0.000000	2.498348	0.000000	3.562464	0.784365452756	T37I(CC:1);T37A(CC:2)	0	0	0	3	0	3	3
566	532	547	548					2.783784	0.269906	28.711660	0.172645	44.886731	0.553862	0.379254	20.453865	0.287535	26.951366	0.784365452756	I548V(CA:1);I548M(AC:1)	1	1	0	0	1	1	2
55	50	57	40					0					0.727113	0.000000	7.531379	0.000000	10.707050	0.784365452756	H40Y(CC:1)	0	0	0	1	0	1	1
570	-	551	552					0					0.470426	0.000000	3.760024	0.000000	5.350816	0.784365452756	V552I(CC:1);V552A(CC:1)	0	0	0	2	0	2	2
571	536	552	553					InF					0.115203	1.022570	Inf	0.719280	Inf	0.584550585185	V553G(AA:1)	0	0	1	0	1	0	1
574	539	555	556					0.689189	0.108564	4.375130	0.076206	6.232902	0.786171	0.131497	3.626573	0.102525	4.665348	0.841448541406	V556I(CC:4,CA:1)	0	1	0	4	1	4	5
63	-	-	48					0					0.727113	0.000000	7.531379	0.000000	10.707050	0.784365452756	E48K(CC:1)	0	0	0	1	0	1	1
67	56	64	52		120loop			0					0.727113	0.000000	7.531379	0.000000	10.707050	0.784365452756	K52E(CC:1)	0	0	0	1	0	1	1
73	62	70	58		120loop			0.921922	0.136765	6.214623	0.094904	8.955832	0.992277	0.168334	5.069342	0.130723	6.540958	0.9922772	L58H(CA:1);L58F(CC:1);L58P(CC:2)	0	1	0	3	1	3	4
74	63	71	59		120loop	1		0					0.727113	0.000000	7.531379	0.000000	10.707050	0.784365452756	N59H(CC:1)	0	0	0	1	0	1	1
86	75	83	71					0					0.727113	0.000000	7.531379	0.000000	10.707050	0.784365452756	K71R(CC:1)	0	0	0	1	0	1	1
88	77	85	73		120loop			2.105505	0.591459	7.495277	0.463801	9.558307	0.386763	0.633053	7.009818	0.517833	8.569516	0.784365452756	T73A(CC:1);T73K(CC:1);T73M(CC:1,CA:3);M73T(AC:1)	1	3	0	3	3	4	7
90	79	87	75		120loop			0					0.727113	0.000000	7.531379	0.000000	10.707050	0.784365452756	K75E(CC:1)	0	0	0	1	0	1	1
91	80	88	76					2.783784	0.269906	28.711660	0.172645	44.886731	0.553862	0.379254	20.453865	0.287535	26.951366	0.784365452756	I76T(CC:1,CA:1)	0	1	0	1	1	1	2
92	81	89	77					0					0.727113	0.000000	7.531379	0.000000	10.707050	0.784365452756	P77L(CC:1)	0	0	0	1	0	1	1
95	83	92	80					0					0.370431	0.000000	2.498348	0.000000	3.562464	0.784365452756	R80G(AC:1);R80K(CC:1,AC:1)	2	0	0	1	0	3	3
96	84	93	81					0					0.470426	0.000000	3.760024	0.000000	5.350816	0.784365452756	V81A(CC:2)	0	0	0	2	0	2	2
98	86	95	83					InF					0.115203	1.022570	Inf	0.719280	Inf	0.584550585185	I83V(AA:1)	0	0	1	0	1	0	1
100	88	97	85					0					0.727113	0.000000	7.531379	0.000000	10.707050	0.784365452756	H85Y(CC:1)	0	0	0	1	0	1	1
102	90	99	87					0					0.153079	0.000000	1.236125	0.000000	1.762625	0.676511745161	V87F(CC:1);V87I(CC:3);V87A(CC:1,AC:1)	1	0	0	5	0	6	6
103	91	100	88					5.618182	0.743075	42.477520	0.504425	62.574111	0.133839	0.942276	33.397292	0.725912	43.351635	0.611197186667	R88K(AA:1,CC:1,CA:1)	0	1	1	1	2	1	3
105	93	102	90					InF					0.115203	1.022570	Inf	0.719280	Inf	0.584550585185	V90I(CA:1)	0	1	0	0	1	0	1
106	94	103	91					InF					0.115203	1.022570	Inf	0.719280	Inf	0.584550585185	T91S(CA:1)	0	1	0	0	1	0	1
113	102	112	98					0					0.727113	0.000000	7.531379	0.000000	10.707050	0.784365452756	M98I(CC:1)	0	0	0	1	0	1	1
115	104	114	100			1		0					0.727113	0.000000	7.531379	0.000000	10.707050	0.784365452756	D100N(AC:1)	1	0	0	0	0	1	1
119	108	118	104					0					0.470426	0.000000	3.760024	0.000000	5.350816	0.784365452756	I104V(CC:2)	0	0	0	2	0	2	2
131	117	130	116					0					0.470426	0.000000	3.760024	0.000000	5.350816	0.784365452756	H116N(CC:1,AC:1)	1	0	0	1	0	2	2
132	118	131	117					2.783784	0.269906	28.711660	0.172645	44.886731	0.553862	0.379254	20.453865	0.287535	26.951366	0.784365452756	I117V(AA:1,CC:1)	0	0	1	1	1	1	2
133	119	132	118					0					0.470426	0.000000	3.760024	0.000000	5.350816	0.784365452756	R118K(CC:2)	0	0	0	2	0	2	2
136	122	135	121		120loop			1.387387	0.183508	10.489152	0.124573	15.451546	0.871942	0.233390	8.272094	0.179799	10.737661	0.89146329403	T121I(CC:1);T121A(AA:1);T121N(CC:1)	0	0	1	2	1	2	3
137	123	136	122		120loop		1	0					0.470426	0.000000	3.760024	0.000000	5.350816	0.784365452756	H122Y(CC:1);H122L(CC:1)	0	0	0	2	0	2	2
138	-	-	123		120loop			0					0.727113	0.000000	7.531379	0.000000	10.707050	0.784365452756	N123T(CC:1)	0	0	0	1	0	1	1
139	-	-	124					1.387387	0.183508	10.489152	0.124573	15.451546	0.871942	0.233390	8.272094	0.179799	10.737661	0.89146329403	V124A(CC:1);V124I(CC:1,CA:1)	0	1	0	2	1	2	3
141	-	-	126					0					0.727113	0.000000	7.531379	0.000000	10.707050	0.784365452756	N126T(AC:1)	1	0	0	0	0	1	1
142	-	-	127					0					0.370431	0.000000	2.498348	0.000000	3.562464	0.784365452756	A127T(CC:2);A127V(CC:1)	0	0	0	3	0	3	3
143	124	137	128					InF					0.115203	1.022570	Inf	0.719280	Inf	0.584550585185	E128K(CA:1)	0	1	0	0	1	0	1
144	125	138	129		120loop			0					0.188061	0.000000	1.488678	0.000000	2.122747	0.757776414706	N129T(CC:1);S129G(CC:1);N129K(CC:1);D129E(CC:1,AC:1)	1	0	0	4	0	5	5
146	127	140	131					InF					0.115203	1.022570	Inf	0.719280	Inf	0.584550585185	P131L(CA:1)	0	1	0	0	1	0	1
151	133	146	136	1			1	0					0.727113	0.000000	7.531379	0.000000	10.707050	0.784365452756	R136K(CC:1)	0	0	0	1	0	1	1
152	-	147	137	1	120loop			0					0.727113	0.000000	7.531379	0.000000	10.707050	0.784365452756	I137V(CC:1)	0	0	0	1	0	1	1
538	506	521	520					InF					0.115203	1.022570	Inf	0.719280	Inf	0.584550585185	S520P(AA:1)	0	0	1	0	1	0	1
161	141	155	146		150loop	1		2.816514	0.726075	10.925527	0.560074	14.163742	0.216058	0.788028	10.066579	0.638830	12.417615	0.784365452756	V146I(CC:2,CA:1);V146A(CC:1,CA:1);A146V(AA:1)	0	2	1	3	3	3	6
163	162.2	162.2	162.2		162-163insertion			InF					0.115203	1.022570	Inf	0.719280	Inf	0.584550585185	N162.2S(CA:1)	0	1	0	0	1	0	1
168	148	162	153					0					0.727113	0.000000	7.531379	0.000000	10.707050	0.784365452756	F153Y(CC:1)	0	0	0	1	0	1	1
169	149	163	154					0					0.370431	0.000000	2.498348	0.000000	3.562464	0.784365452756	A154T(CC:2);T154A(CC:1)	0	0	0	3	0	3	3
174	154	168	159					0					0.727113	0.000000	7.531379	0.000000	10.707050	0.784365452756	A159G(CC:1)	0	0	0	1	0	1	1
176	156	170	161				1	0					0.727113	0.000000	7.531379	0.000000	10.707050	0.784365452756	P161S(CC:1)	0	0	0	1	0	1	1
179	-	-	-					0					0.727113	0.000000	7.531379	0.000000	10.707050	0.784365452756	D-E(CC:1)	0	0	0	1	0	1	1
180	-	-	-					5.618182	0.743075	42.477520	0.504425	62.574111	0.133839	0.942276	33.397292	0.725912	43.351635	0.611197186667	K-N(CA:1);K-R(CC:1,CA:1)	0	2	0	1	2	1	3
30	25	32	15					InF					0.024145	2.060541	Inf	1.447945	Inf	0.584550585185	V15I(AA:1,CA:1)	0	1	1	0	2	0	2
182	-	-	164		160loop	1		InF					0.115203	1.022570	Inf	0.719280	Inf	0.584550585185	K164R(CA:1)	0	1	0	0	1	0	1
183	159	173	165		160loop	1	1	0					0.727113	0.000000	7.531379	0.000000	10.707050	0.784365452756	T165A(CC:1)	0	0	0	1	0	1	1
186	161	175	168		160loop			0					0.727113	0.000000	7.531379	0.000000	10.707050	0.784365452756	N168D(CC:1)	0	0	0	1	0	1	1
187	162	176	169		160loop			InF					0.115203	1.022570	Inf	0.719280	Inf	0.584550585185	Q169P(CA:1)	0	1	0	0	1	0	1
192	166	180	174					1.387387	0.183508	10.489152	0.124573	15.451546	0.871942	0.233390	8.272094	0.179799	10.737661	0.89146329403	V174I(AA:1,CC:2)	0	0	1	2	1	2	3
193	167	181	175					2.783784	0.269906	28.711660	0.172645	44.886731	0.553862	0.379254	20.453865	0.287535	26.951366	0.784365452756	P175S(CC:1);P175Q(CA:1)	0	1	0	1	1	1	2
194	168	182	176					2.783784	0.269906	28.711660	0.172645	44.886731	0.553862	0.379254	20.453865	0.287535	26.951366	0.784365452756	Y176H(CC:1,CA:1)	0	1	0	1	1	1	2
198	172	186	180		120loop			0					0.370431	0.000000	2.498348	0.000000	3.562464	0.784365452756	E180K(CC:2);E180Q(CC:1)	0	0	0	3	0	3	3
199	173	187	181		120loop			0					0.727113	0.000000	7.531379	0.000000	10.707050	0.784365452756	G181E(CC:1)	0	0	0	1	0	1	1
205	179	193	187					2.800000	0.534995	14.654333	0.389678	20.119173	0.303718	0.616325	12.720573	0.486818	16.104563	0.784365452756	V187I(CC:2,CA:2)	0	2	0	2	2	2	4
212	187	201	194	1	190helix	1	1	0.340090	0.058844	1.965544	0.042054	2.750277	0.314920	0.069592	1.668655	0.054640	2.133780	0.784365452756	N194K(CC:1);I194N(CC:2);K194N(CA:1);N194Y(CC:1);N194T(CC:1);N194S(CC:3)	0	1	0	8	1	8	9
214	189	203	196	1	190helix	1		0					0.188061	0.000000	1.488678	0.000000	2.122747	0.757776414706	T196A(CC:1);N196T(AC:2);A196T(CC:2)	2	0	0	3	0	5	5
217	192	206	199	1	190helix		1	0					0.470426	0.000000	3.760024	0.000000	5.350816	0.784365452756	A199V(CC:1,AC:1)	1	0	0	1	0	2	2
224	199	213	206					0					0.370431	0.000000	2.498348	0.000000	3.562464	0.784365452756	K206N(CC:2);E206K(CC:1)	0	0	0	3	0	3	3
229	203	217	211					0					0.727113	0.000000	7.531379	0.000000	10.707050	0.784365452756	T211A(CC:1)	0	0	0	1	0	1	1
231	205	219	213					0					0.727113	0.000000	7.531379	0.000000	10.707050	0.784365452756	S213Y(CC:1)	0	0	0	1	0	1	1
236	210	224	218					2.783784	0.269906	28.711660	0.172645	44.886731	0.553862	0.379254	20.453865	0.287535	26.951366	0.784365452756	T218A(AA:1);T218I(CC:1)	0	0	1	1	1	1	2
238	212	226	220					0					0.188061	0.000000	1.488678	0.000000	2.122747	0.757776414706	H220Y(CC:1);Y220H(CC:4)	0	0	0	5	0	5	5
239	213	227	221					0					0.727113	0.000000	7.531379	0.000000	10.707050	0.784365452756	Y221H(CC:1)	0	0	0	1	0	1	1
245	219	233	227					1.387387	0.183508	10.489152	0.124573	15.451546	0.871942	0.233390	8.272094	0.179799	10.737661	0.89146329403	G227D(AA:1);G227S(CC:2)	0	0	1	2	1	2	3
247	221	235	229					0					0.727113	0.000000	7.531379	0.000000	10.707050	0.784365452756	P229L(CC:1)	0	0	0	1	0	1	1
248	222	236	230			1	1	0					0.727113	0.000000	7.531379	0.000000	10.707050	0.784365452756	N230D(CC:1)	0	0	0	1	0	1	1
250	224	238	232			1		0					0.727113	0.000000	7.531379	0.000000	10.707050	0.784365452756	T232K(CC:1)	0	0	0	1	0	1	1
253	-	-	235		190helix			InF					0.115203	1.022570	Inf	0.719280	Inf	0.584550585185	G235E(CA:1)	0	1	0	0	1	0	1
537	505	520	519					0					0.727113	0.000000	7.531379	0.000000	10.707050	0.784365452756	A519T(CC:1)	0	0	0	1	0	1	1
263	232	246	245					0					0.727113	0.000000	7.531379	0.000000	10.707050	0.784365452756	V245I(AC:1)	1	0	0	0	0	1	1
266	235	249	248					InF					0.115203	1.022570	Inf	0.719280	Inf	0.584550585185	M248I(CA:1)	0	1	0	0	1	0	1
267	236	250	249					0					0.727113	0.000000	7.531379	0.000000	10.707050	0.784365452756	M249V(CC:1)	0	0	0	1	0	1	1
269	238	252	251					InF					0.115203	1.022570	Inf	0.719280	Inf	0.584550585185	K251R(AA:1)	0	0	1	0	1	0	1
271	240	254	253					0					0.727113	0.000000	7.531379	0.000000	10.707050	0.784365452756	G253R(CC:1)	0	0	0	1	0	1	1
273	242	256	255					1.387387	0.183508	10.489152	0.124573	15.451546	0.871942	0.233390	8.272094	0.179799	10.737661	0.89146329403	T255A(CC:1);T255P(CA:1,AC:1)	1	1	0	1	1	2	3
277	246	260	259					0					0.727113	0.000000	7.531379	0.000000	10.707050	0.784365452756	T259I(CC:1)	0	0	0	1	0	1	1
287	256	270	269					InF					0.024145	2.060541	Inf	1.447945	Inf	0.584550585185	K269R(CA:1);K269T(CA:1)	0	2	0	0	2	0	2
291	260	274	273					2.783784	0.269906	28.711660	0.172645	44.886731	0.553862	0.379254	20.453865	0.287535	26.951366	0.784365452756	A273V(CC:1,CA:1)	0	1	0	1	1	1	2
292	262	277	274				1	0					0.470426	0.000000	3.760024	0.000000	5.350816	0.784365452756	S274N(CC:2)	0	0	0	2	0	2	2
294	264	279	276					8.504587	1.261503	57.334796	0.875364	82.626235	0.035457	1.546663	46.577305	1.198688	59.978549	0.584550585185	R276K(AA:2,CC:1,CA:1)	0	1	2	1	3	1	4
181	158	172	163		160loop	1	1	2.783784	0.269906	28.711660	0.172645	44.886731	0.553862	0.379254	20.453865	0.287535	26.951366	0.784365452756	N163K(CC:1);N163T(CA:1)	0	1	0	1	1	1	2
329	298	313	311					2.783784	0.269906	28.711660	0.172645	44.886731	0.553862	0.379254	20.453865	0.287535	26.951366	0.784365452756	L311H(CC:1,CA:1)	0	1	0	1	1	1	2
333	302	317	315					0					0.470426	0.000000	3.760024	0.000000	5.350816	0.784365452756	I315V(CC:1,AC:1)	1	0	0	1	0	2	2
338	307	322	320					0					0.727113	0.000000	7.531379	0.000000	10.707050	0.784365452756	I320T(CC:1)	0	0	0	1	0	1	1
341	310	325	323					0					0.727113	0.000000	7.531379	0.000000	10.707050	0.784365452756	K323R(CC:1)	0	0	0	1	0	1	1
345	315	330	327					0					0.727113	0.000000	7.531379	0.000000	10.707050	0.784365452756	K327N(CC:1)	0	0	0	1	0	1	1
58	53	60	43					InF					0.115203	1.022570	Inf	0.719280	Inf	0.584550585185	N43K(AA:1)	0	0	1	0	1	0	1
355	325	340	337					0					0.727113	0.000000	7.531379	0.000000	10.707050	0.784365452756	L337P(CC:1)	0	0	0	1	0	1	1
356	-	-	338					InF					0.115203	1.022570	Inf	0.719280	Inf	0.584550585185	A338T(CA:1)	0	1	0	0	1	0	1
360	327	342	342					0					0.262505	0.000000	1.867826	0.000000	2.663385	0.784365452756	R342K(CC:1);K342R(CC:3)	0	0	0	4	0	4	4
62	-	-	47					0					0.470426	0.000000	3.760024	0.000000	5.350816	0.784365452756	T47A(CC:1);T47I(CC:1)	0	0	0	2	0	2	2
394	361	376	376					1.109091	0.276686	4.445772	0.212091	5.799778	0.907301	0.302351	4.076537	0.244617	5.053799	0.920742191852	V376I(CC:4,CA:2);I376V(CC:1)	0	2	0	5	2	5	7
400	367	382	382					0					0.470426	0.000000	3.760024	0.000000	5.350816	0.784365452756	L382F(AC:2)	2	0	0	0	0	2	2
407	374	389	389					0					0.727113	0.000000	7.531379	0.000000	10.707050	0.784365452756	I389V(CC:1)	0	0	0	1	0	1	1
422	389	404	404					0					0.727113	0.000000	7.531379	0.000000	10.707050	0.784365452756	V404I(CC:1)	0	0	0	1	0	1	1
432	399	414	414					0					0.470426	0.000000	3.760024	0.000000	5.350816	0.784365452756	M414I(CC:2)	0	0	0	2	0	2	2
435	402	417	417					InF					0.024145	2.060541	Inf	1.447945	Inf	0.584550585185	L417I(CA:2)	0	2	0	0	2	0	2
438	405	420	420					0					0.470426	0.000000	3.760024	0.000000	5.350816	0.784365452756	E420K(CC:1);K420E(CC:1)	0	0	0	2	0	2	2
440	407	422	422					InF					0.024145	2.060541	Inf	1.447945	Inf	0.584550585185	L422I(AA:1,CA:1)	0	1	1	0	2	0	2
442	409	424	424					0					0.470426	0.000000	3.760024	0.000000	5.350816	0.784365452756	L424I(CC:1,AC:1)	1	0	0	1	0	2	2
478	445	460	460					InF					0.115203	1.022570	Inf	0.719280	Inf	0.584550585185	F460L(CA:1)	0	1	0	0	1	0	1
482	449	464	464					0					0.370431	0.000000	2.498348	0.000000	3.562464	0.784365452756	R464K(CC:3)	0	0	0	3	0	3	3
493	460	475	475					0					0.727113	0.000000	7.531379	0.000000	10.707050	0.784365452756	V475I(CC:1)	0	0	0	1	0	1	1
