abs_pos	ref(H3)	ref(H1)	ref(B73)	RBS	AS	GS	PS	OR_uMLE	wald_MLE_CI90L	wald_MLE_CI90R	wald_MLE_CI95L	wald_MLE_CI95R	p-value	ss_CI90L	ss_CI90R	ss_CI95L	ss_CI95R	q-value	Mutations(B73)	AC	CA	AA	CC	End-in-Adult	End-in-Child	Total
512	479	494	494					0					0.137360	NaN	NaN	NaN	NaN	0.9543348	N494D(CC:3);D494N(AC:1)	1	0	0	3	0	4	4
513	480	495	495					2.247232	0.298990	16.890396	0.203195	24.853237	0.920923	NaN	NaN	NaN	NaN	0.9543348	R495K(CC:1,CA:2)	0	2	0	1	2	1	3
2	-	2	-					0.558226	0.173730	1.793676	0.138932	2.242934	0.616669	NaN	NaN	NaN	NaN	0.9543348	E-K(CC:1);K-N(AA:1);K-T(AA:1);K-E(CC:3,AA:1,AC:2)	2	0	3	4	3	6	9
3	-	4	-					0.559853	0.074487	4.207900	0.050622	6.191680	0.920923	NaN	NaN	NaN	NaN	0.9543348	A-V(AA:1);A-T(AC:2)	2	0	1	0	1	2	3
4	-	5	-					0					0.954335	NaN	NaN	NaN	NaN	0.9543348	I-M(AC:1)	1	0	0	0	0	1	1
5	-	6	-					0					0.518953	NaN	NaN	NaN	NaN	0.9543348	I-V(CC:2)	0	0	0	2	0	2	2
6	-	7	-					1.685767	0.374338	7.591563	0.280620	10.126886	0.897936	NaN	NaN	NaN	NaN	0.9543348	V-A(CC:1,CA:3,AC:1)	1	3	0	1	3	2	5
520	487	502	502					0.372621	0.055623	2.496209	0.038644	3.592971	0.696834	NaN	NaN	NaN	NaN	0.9543348	D502N(CC:2,AA:1,AC:1)	1	0	1	2	1	3	4
521	488	503	503					0.559853	0.074487	4.207900	0.050622	6.191680	0.920923	NaN	NaN	NaN	NaN	0.9543348	A503V(CC:1,AC:1,CA:1)	1	1	0	1	1	2	3
522	489	504	504					InF					0.192488	NaN	NaN	NaN	NaN	0.9543348	R504G(AA:1);G504R(AA:2)	0	0	3	0	3	0	3
11	-	13	-					1.685767	0.374338	7.591563	0.280620	10.126886	0.897936	NaN	NaN	NaN	NaN	0.9543348	A-V(AA:1);V-A(AC:2,CA:1);V-I(AA:1)	2	1	2	0	3	2	5
524	491	506	506					InF					0.421765	NaN	NaN	NaN	NaN	0.9543348	F506L(AA:1,CA:1)	0	1	1	0	2	0	2
525	492	507	507					0					0.954335	NaN	NaN	NaN	NaN	0.9543348	S507F(AC:1)	1	0	0	0	0	1	1
14	-	16	-					0.746617	0.165792	3.362261	0.124285	4.485142	0.897936	NaN	NaN	NaN	NaN	0.9543348	N-K(CC:1);K-N(AA:1);N-T(CC:2,CA:1)	0	1	1	3	2	3	5
18	13	20	3					InF					0.954335	NaN	NaN	NaN	NaN	0.9543348	I3V(AA:1)	0	0	1	0	1	0	1
534	502	517	516			1		0					0.518953	NaN	NaN	NaN	NaN	0.9543348	I516V(CC:2)	0	0	0	2	0	2	2
25	20	27	10					InF					0.954335	NaN	NaN	NaN	NaN	0.9543348	S10T(CA:1)	0	1	0	0	1	0	1
538	506	521	520					InF					0.421765	NaN	NaN	NaN	NaN	0.9543348	S520P(AA:1);S520Y(CA:1)	0	1	1	0	2	0	2
27	22	29	12					0					0.518953	NaN	NaN	NaN	NaN	0.9543348	A12S(CC:2)	0	0	0	2	0	2	2
540	508	523	522					0.559853	0.074487	4.207900	0.050622	6.191680	0.920923	NaN	NaN	NaN	NaN	0.9543348	N522S(CC:2,CA:1)	0	1	0	2	1	2	3
541	509	524	523					0.638095	0.226520	1.797482	0.185771	2.191757	0.676286	NaN	NaN	NaN	NaN	0.9543348	D523Y(AC:1);N523D(AA:1);D523E(CA:1,AC:1);D523G(CC:2,CA:1,AC:1);D523N(CC:1,AC:1,CA:1)	4	3	1	3	4	7	11
30	25	32	15					0.746617	0.165792	3.362261	0.124285	4.485142	0.897936	NaN	NaN	NaN	NaN	0.9543348	I15T(AC:1);V15I(CC:2,AA:1,CA:1)	1	1	1	2	2	3	5
543	511	526	525					3.019900	0.987374	9.236418	0.797098	11.441257	0.157162	NaN	NaN	NaN	NaN	0.9543348	G525R(AA:5);G525E(AA:1,AC:2,CA:1);E525G(CC:1,CA:1)	2	2	6	1	8	3	11
32	27	34	17					0					0.954335	NaN	NaN	NaN	NaN	0.9543348	K17N(AC:1)	1	0	0	0	0	1	1
545	-	-	527					0.372621	0.055623	2.496209	0.038644	3.592971	0.696834	NaN	NaN	NaN	NaN	0.9543348	D527N(AC:1);D527G(CC:1);N527D(AA:1,AC:1)	2	0	1	1	1	3	4
547	513	528	529			1		InF					0.954335	NaN	NaN	NaN	NaN	0.9543348	H529L(AA:1)	0	0	1	0	1	0	1
548	514	529	530			1		2.247232	0.298990	16.890396	0.203195	24.853237	0.920923	NaN	NaN	NaN	NaN	0.9543348	T530I(AA:1,AC:1,CA:1)	1	1	1	0	2	1	3
549	515	530	531					InF					0.954335	NaN	NaN	NaN	NaN	0.9543348	I531V(AA:1)	0	0	1	0	1	0	1
550	516	531	532					0					0.518953	NaN	NaN	NaN	NaN	0.9543348	L532M(CC:2)	0	0	0	2	0	2	2
555	521	536	537					2.247232	0.298990	16.890396	0.203195	24.853237	0.920923	NaN	NaN	NaN	NaN	0.9543348	T537A(AA:1,AC:1,CA:1)	1	1	1	0	2	1	3
556	522	537	538					0					0.265618	NaN	NaN	NaN	NaN	0.9543348	A538T(CC:1);T538A(CC:1);A538V(CC:1)	0	0	0	3	0	3	3
557	523	538	539					InF					0.954335	NaN	NaN	NaN	NaN	0.9543348	A539G(AA:1)	0	0	1	0	1	0	1
560	526	541	542					0					0.954335	NaN	NaN	NaN	NaN	0.9543348	L542F(CC:1)	0	0	0	1	0	1	1
49	44	51	34					2.247232	0.298990	16.890396	0.203195	24.853237	0.920923	NaN	NaN	NaN	NaN	0.9543348	T34A(AA:1);T34I(CC:1,AA:1)	0	0	2	1	2	1	3
562	528	543	544					3.377079	0.504113	22.623254	0.350231	32.563264	0.536746	NaN	NaN	NaN	NaN	0.9543348	V544L(AA:1);V544I(AA:1,CC:1);V544C(AA:1)	0	0	3	1	3	1	4
51	46	53	36					0					0.954335	NaN	NaN	NaN	NaN	0.9543348	P36L(CC:1)	0	0	0	1	0	1	1
52	47	54	37					0					0.037188	NaN	NaN	NaN	NaN	0.9543348	T37A(CC:2);T37I(CC:1,AC:3)	3	0	0	3	0	6	6
53	48	55	38				1	1.121547	0.109296	11.508840	0.069979	17.974975	0.518953	NaN	NaN	NaN	NaN	0.9543348	K38Q(AA:1);K38R(AC:1)	1	0	1	0	1	1	2
566	532	547	548					1.405380	0.464181	4.255011	0.375457	5.260505	0.863129	NaN	NaN	NaN	NaN	0.9543348	I548V(CA:2,AC:1);I548M(AA:2,CA:1,AC:1);L548I(AC:2)	4	3	2	0	5	4	9
55	50	57	40					0					0.954335	NaN	NaN	NaN	NaN	0.9543348	H40Y(CC:1)	0	0	0	1	0	1	1
568	534	549	550					2.247232	0.298990	16.890396	0.203195	24.853237	0.920923	NaN	NaN	NaN	NaN	0.9543348	I550T(AA:1);I550V(AA:1,AC:1)	1	0	2	0	2	1	3
57	52	59	42					InF					0.954335	NaN	NaN	NaN	NaN	0.9543348	A42S(CA:1)	0	1	0	0	1	0	1
570	-	551	552					0.372621	0.055623	2.496209	0.038644	3.592971	0.696834	NaN	NaN	NaN	NaN	0.9543348	V552A(CC:1);V552I(AA:1,CC:2)	0	0	1	3	1	3	4
571	536	552	553					InF					0.421765	NaN	NaN	NaN	NaN	0.9543348	V553G(AA:2)	0	0	2	0	2	0	2
572	537	553	554					InF					0.954335	NaN	NaN	NaN	NaN	0.9543348	Y554I(AA:1)	0	0	1	0	1	0	1
573	538	554	555					InF					0.954335	NaN	NaN	NaN	NaN	0.9543348	M555L(AA:1)	0	0	1	0	1	0	1
574	539	555	556					0.745679	0.256722	2.165915	0.209308	2.656550	0.891573	NaN	NaN	NaN	NaN	0.9543348	V556I(CC:4,AA:3,AC:2,CA:1)	2	1	3	4	4	6	10
63	-	-	48					0					0.954335	NaN	NaN	NaN	NaN	0.9543348	E48K(CC:1)	0	0	0	1	0	1	1
576	541	557	558					InF					0.421765	NaN	NaN	NaN	NaN	0.9543348	R558K(AA:2)	0	0	2	0	2	0	2
67	56	64	52		120loop			0					0.265618	NaN	NaN	NaN	NaN	0.9543348	E52K(AC:1);K52E(CC:2)	1	0	0	2	0	3	3
580	545	561	562			1		InF					0.954335	NaN	NaN	NaN	NaN	0.9543348	S562P(CA:1)	0	1	0	0	1	0	1
71	60	68	56		120loop			0					0.954335	NaN	NaN	NaN	NaN	0.9543348	K56T(CC:1)	0	0	0	1	0	1	1
73	62	70	58		120loop			0.317870	0.084700	1.192929	0.065751	1.536736	0.232815	NaN	NaN	NaN	NaN	0.9543348	H58L(AA:1);L58P(CC:3,AC:2);L58F(CC:1);L58H(CA:1);P58S(CC:1)	2	1	1	5	2	7	9
74	63	71	59		120loop	1		0					0.518953	NaN	NaN	NaN	NaN	0.9543348	N59D(AC:1);N59H(AC:1)	2	0	0	0	0	2	2
81	70	78	66					0					0.954335	NaN	NaN	NaN	NaN	0.9543348	A66T(AC:1)	1	0	0	0	0	1	1
86	75	83	71					0					0.954335	NaN	NaN	NaN	NaN	0.9543348	K71R(CC:1)	0	0	0	1	0	1	1
88	77	85	73		120loop			1.349442	0.496008	3.671304	0.409500	4.446868	0.848718	NaN	NaN	NaN	NaN	0.9543348	T73A(CC:1,CA:1);T73K(CC:1,CA:1,AC:1);T73M(CC:1,CA:4);M73T(AC:1)	2	6	0	3	6	5	11
89	78	86	74		120loop			0					0.954335	NaN	NaN	NaN	NaN	0.9543348	G74E(AC:1)	1	0	0	0	0	1	1
90	79	87	75		120loop			1.121547	0.109296	11.508840	0.069979	17.974975	0.518953	NaN	NaN	NaN	NaN	0.9543348	K75E(AA:1,CC:1)	0	0	1	1	1	1	2
91	80	88	76					3.390335	0.881850	13.034375	0.681401	16.868727	0.215636	NaN	NaN	NaN	NaN	0.9543348	I76V(CA:3);I76L(AC:1);I76T(AA:2,CC:1,CA:1)	1	4	2	1	6	2	8
92	81	89	77					2.247232	0.298990	16.890396	0.203195	24.853237	0.920923	NaN	NaN	NaN	NaN	0.9543348	P77L(AA:1,CC:1);P77H(AA:1)	0	0	2	1	2	1	3
93	-	90	78					InF					0.954335	NaN	NaN	NaN	NaN	0.9543348	S78P(CA:1)	0	1	0	0	1	0	1
95	83	92	80					0					0.137360	NaN	NaN	NaN	NaN	0.9543348	R80G(AC:1);R80K(CC:1,AC:2)	3	0	0	1	0	4	4
96	84	93	81					0					0.265618	NaN	NaN	NaN	NaN	0.9543348	V81A(CC:2,AC:1)	1	0	0	2	0	3	3
97	85	94	82					InF					0.954335	NaN	NaN	NaN	NaN	0.9543348	S82A(AA:1)	0	0	1	0	1	0	1
98	86	95	83					InF					0.954335	NaN	NaN	NaN	NaN	0.9543348	I83V(AA:1)	0	0	1	0	1	0	1
100	88	97	85					0					0.954335	NaN	NaN	NaN	NaN	0.9543348	H85Y(CC:1)	0	0	0	1	0	1	1
102	90	99	87					0.222836	0.036664	1.354335	0.025952	1.913392	0.263163	NaN	NaN	NaN	NaN	0.9543348	V87I(CC:2,AC:1);V87A(CC:1,AA:1,AC:1)	2	0	1	3	1	5	6
103	91	100	88					1.685767	0.374338	7.591563	0.280620	10.126886	0.897936	NaN	NaN	NaN	NaN	0.9543348	R88K(AA:1,CC:1,CA:2);K88R(AC:1)	1	2	1	1	3	2	5
105	93	102	90					2.247232	0.298990	16.890396	0.203195	24.853237	0.920923	NaN	NaN	NaN	NaN	0.9543348	V90A(CC:1);V90I(CA:2)	0	2	0	1	2	1	3
106	94	103	91					InF					0.421765	NaN	NaN	NaN	NaN	0.9543348	T91S(AA:1,CA:1)	0	1	1	0	2	0	2
107	95	104	92					0					0.954335	NaN	NaN	NaN	NaN	0.9543348	S92A(AC:1)	1	0	0	0	0	1	1
112	101	111	97				1	1.121996	0.291842	4.313559	0.225505	5.582481	0.787057	NaN	NaN	NaN	NaN	0.9543348	I97M(AA:3,CC:2,AC:1)	1	0	3	2	3	3	6
113	102	112	98					0					0.954335	NaN	NaN	NaN	NaN	0.9543348	M98I(CC:1)	0	0	0	1	0	1	1
115	104	114	100			1		1.121547	0.109296	11.508840	0.069979	17.974975	0.518953	NaN	NaN	NaN	NaN	0.9543348	D100E(CA:1);D100N(AC:1)	1	1	0	0	1	1	2
119	108	118	104					1.121771	0.215896	5.828599	0.157472	7.991080	0.696834	NaN	NaN	NaN	NaN	0.9543348	I104V(AA:1,CC:2,CA:1)	0	1	1	2	2	2	4
121	-	120	106					InF					0.954335	NaN	NaN	NaN	NaN	0.9543348	Q106L(AA:1)	0	0	1	0	1	0	1
125	111	124	110					InF					0.421765	NaN	NaN	NaN	NaN	0.9543348	L110R(AA:1);L110F(AA:1)	0	0	2	0	2	0	2
126	112	125	111					InF					0.954335	NaN	NaN	NaN	NaN	0.9543348	L111I(CA:1)	0	1	0	0	1	0	1
131	117	130	116					0					0.954335	NaN	NaN	NaN	NaN	0.9543348	H116N(AC:1)	1	0	0	0	0	1	1
132	118	131	117					3.962756	1.055920	14.871798	0.819684	19.157925	0.125534	NaN	NaN	NaN	NaN	0.9543348	I117V(AA:7,CC:1,AC:1)	1	0	7	1	7	2	9
133	119	132	118					0					0.265618	NaN	NaN	NaN	NaN	0.9543348	R118K(CC:2);R118S(AC:1)	1	0	0	2	0	3	3
136	122	135	121		120loop			0.559041	0.134061	2.331226	0.101989	3.064325	0.787057	NaN	NaN	NaN	NaN	0.9543348	A121T(CC:1);T121I(CC:1);T121A(AA:1);T121N(CC:2,AA:1)	0	0	2	4	2	4	6
137	123	136	122		120loop		1	1.498765	0.425066	5.284585	0.333933	6.726801	0.879263	NaN	NaN	NaN	NaN	0.9543348	H122Y(CC:1,AC:1);H122L(CC:1,CA:1);H122N(CA:1);H122Q(CA:2)	1	4	0	2	4	3	7
138	-	-	123		120loop			InF					0.954335	NaN	NaN	NaN	NaN	0.9543348	N123D(AA:1)	0	0	1	0	1	0	1
139	-	-	124					0.559853	0.074487	4.207900	0.050622	6.191680	0.920923	NaN	NaN	NaN	NaN	0.9543348	V124A(CC:1);V124I(CC:1,CA:1)	0	1	0	2	1	2	3
140	-	-	125					InF					0.954335	NaN	NaN	NaN	NaN	0.9543348	V125I(CA:1)	0	1	0	0	1	0	1
141	-	-	126					1.121771	0.215896	5.828599	0.157472	7.991080	0.696834	NaN	NaN	NaN	NaN	0.9543348	N126T(AC:1);N126D(AC:1,CA:2)	2	2	0	0	2	2	4
142	-	-	127					0.745679	0.256722	2.165915	0.209308	2.656550	0.891573	NaN	NaN	NaN	NaN	0.9543348	A127T(AA:4,CC:1,AC:4);A127V(CC:1)	4	0	4	2	4	6	10
143	124	137	128					1.121771	0.215896	5.828599	0.157472	7.991080	0.696834	NaN	NaN	NaN	NaN	0.9543348	E128G(AA:1,AC:1);E128K(CA:1,AC:1)	2	1	1	0	2	2	4
144	125	138	129		120loop			0.558226	0.173730	1.793676	0.138932	2.242934	0.616669	NaN	NaN	NaN	NaN	0.9543348	N129T(CC:1);N129S(CC:1,AA:1);S129G(CC:1);D129G(CA:1);D129E(CC:1,CA:1,AC:1);N129K(CC:1)	1	2	1	5	3	6	9
146	127	140	131					1.121547	0.109296	11.508840	0.069979	17.974975	0.518953	NaN	NaN	NaN	NaN	0.9543348	P131L(CA:1);P131Q(CC:1)	0	1	0	1	1	1	2
151	133	146	136	1			1	0					0.954335	NaN	NaN	NaN	NaN	0.9543348	R136K(CC:1)	0	0	0	1	0	1	1
152	-	147	137	1	120loop			1.121547	0.109296	11.508840	0.069979	17.974975	0.518953	NaN	NaN	NaN	NaN	0.9543348	I137T(AA:1);I137V(CC:1)	0	0	1	1	1	1	2
156	137	151	141	1	150loop		1	0					0.518953	NaN	NaN	NaN	NaN	0.9543348	G141R(AC:2)	2	0	0	0	0	2	2
26	21	28	11					0					0.954335	NaN	NaN	NaN	NaN	0.9543348	N11S(CC:1)	0	0	0	1	0	1	1
159	140	154	144				1	0					0.954335	NaN	NaN	NaN	NaN	0.9543348	P144L(AC:1)	1	0	0	0	0	1	1
161	141	155	146		150loop	1		1.312228	0.522750	3.294012	0.438281	3.928860	0.835578	NaN	NaN	NaN	NaN	0.9543348	A146V(AA:1);I146V(AA:1);I146T(CA:1);V146A(CC:1,CA:1);I146F(AA:1);V146I(CC:4,AA:1,CA:1,AC:1)	1	3	4	5	7	6	13
162	162.1	162.1	162.1		162-163insertion	1		0					0.954335	NaN	NaN	NaN	NaN	0.9543348	T162.1N(AC:1)	1	0	0	0	0	1	1
163	162.2	162.2	162.2		162-163insertion			0.559853	0.074487	4.207900	0.050622	6.191680	0.920923	NaN	NaN	NaN	NaN	0.9543348	K162.2N(CC:1);N162.2S(AA:1,AC:1)	1	0	1	1	1	2	3
164	162.3	162.3	162.3		162-163insertion			InF					0.954335	NaN	NaN	NaN	NaN	0.9543348	G162.3R(AA:1)	0	0	1	0	1	0	1
166	146	160	151		150loop			InF					0.421765	NaN	NaN	NaN	NaN	0.9543348	G151E(AA:2)	0	0	2	0	2	0	2
168	148	162	153					0					0.954335	NaN	NaN	NaN	NaN	0.9543348	F153Y(CC:1)	0	0	0	1	0	1	1
169	149	163	154					0.745679	0.256722	2.165915	0.209308	2.656550	0.891573	NaN	NaN	NaN	NaN	0.9543348	A154T(AA:1,CC:2,AC:1);A154E(AA:2,AC:1,CA:1);T154A(CC:2)	2	1	3	4	4	6	10
174	154	168	159					0.559853	0.074487	4.207900	0.050622	6.191680	0.920923	NaN	NaN	NaN	NaN	0.9543348	A159T(CC:1);A159V(CA:1);A159G(CC:1)	0	1	0	2	1	2	3
176	156	170	161				1	0					0.954335	NaN	NaN	NaN	NaN	0.9543348	P161S(CC:1)	0	0	0	1	0	1	1
177	157	171	162		160loop		1	0					0.954335	NaN	NaN	NaN	NaN	0.9543348	E162Q(AC:1)	1	0	0	0	0	1	1
178	-	-	-					InF					0.088759	NaN	NaN	NaN	NaN	0.9543348	N-S(AA:1,CA:2);K-N(AA:1)	0	2	2	0	4	0	4
179	-	-	-					0					0.954335	NaN	NaN	NaN	NaN	0.9543348	D-E(CC:1)	0	0	0	1	0	1	1
180	-	-	-					3.390335	0.881850	13.034375	0.681401	16.868727	0.215636	NaN	NaN	NaN	NaN	0.9543348	K-E(AA:1);K-N(AA:1,CA:2);K-R(AA:1,CC:2,CA:1)	0	3	3	2	6	2	8
181	158	172	163		160loop	1	1	1.121771	0.215896	5.828599	0.157472	7.991080	0.696834	NaN	NaN	NaN	NaN	0.9543348	N163S(AC:1);N163K(AC:1);N163T(CA:1);T163N(CA:1)	2	2	0	0	2	2	4
182	-	-	164		160loop	1		InF					0.954335	NaN	NaN	NaN	NaN	0.9543348	K164R(CA:1)	0	1	0	0	1	0	1
183	159	173	165		160loop	1	1	0					0.954335	NaN	NaN	NaN	NaN	0.9543348	T165A(CC:1)	0	0	0	1	0	1	1
186	161	175	168		160loop			2.820037	0.709644	11.206481	0.544875	14.595281	0.360411	NaN	NaN	NaN	NaN	0.9543348	S168N(AC:1);N168D(CC:1,AA:1,CA:4)	1	4	1	1	5	2	7
187	162	176	169		160loop			2.247232	0.298990	16.890396	0.203195	24.853237	0.920923	NaN	NaN	NaN	NaN	0.9543348	Q169P(CA:1);P169L(AA:1);P169S(CC:1)	0	1	1	1	2	1	3
189	163	177	171		160loop			0					0.954335	NaN	NaN	NaN	NaN	0.9543348	T171S(AC:1)	1	0	0	0	0	1	1
190	164	178	172					InF					0.421765	NaN	NaN	NaN	NaN	0.9543348	I172V(AA:1,CA:1)	0	1	1	0	2	0	2
192	166	180	174					0.559041	0.134061	2.331226	0.101989	3.064325	0.787057	NaN	NaN	NaN	NaN	0.9543348	V174I(AA:2,CC:3,AC:1)	1	0	2	3	2	4	6
193	167	181	175					1.121547	0.109296	11.508840	0.069979	17.974975	0.518953	NaN	NaN	NaN	NaN	0.9543348	P175S(CC:1);P175Q(CA:1)	0	1	0	1	1	1	2
194	168	182	176					1.121771	0.215896	5.828599	0.157472	7.991080	0.696834	NaN	NaN	NaN	NaN	0.9543348	Y176H(AA:1,CC:1,CA:1,AC:1)	1	1	1	1	2	2	4
197	171	185	179		120loop			4.511111	0.715201	28.453693	0.502649	40.485768	0.300315	NaN	NaN	NaN	NaN	0.9543348	T179K(CA:1);T179I(CA:1);T179A(CA:1,AC:1);I179T(AA:1)	1	3	1	0	4	1	5
198	172	186	180		120loop			0					0.019402	NaN	NaN	NaN	NaN	0.9543348	E180D(AC:1);E180K(CC:3,AC:2);E180Q(CC:1)	3	0	0	4	0	7	7
199	173	187	181		120loop			2.247232	0.298990	16.890396	0.203195	24.853237	0.920923	NaN	NaN	NaN	NaN	0.9543348	G181E(AA:2,CC:1)	0	0	2	1	2	1	3
518	485	500	500					0					0.954335	NaN	NaN	NaN	NaN	0.9543348	T500I(AC:1)	1	0	0	0	0	1	1
204	178	192	186					InF					0.954335	NaN	NaN	NaN	NaN	0.9543348	T186I(AA:1)	0	0	1	0	1	0	1
205	179	193	187					3.019900	0.987374	9.236418	0.797098	11.441257	0.157162	NaN	NaN	NaN	NaN	0.9543348	V187I(CC:2,CA:7,AC:1);I187V(AA:1)	1	7	1	2	8	3	11
206	180	194	188					0					0.954335	NaN	NaN	NaN	NaN	0.9543348	W188C(AC:1)	1	0	0	0	0	1	1
212	187	201	194	1	190helix	1	1	0.429338	0.223192	0.825883	0.196913	0.936105	0.041272	NaN	NaN	NaN	NaN	0.9543348	N194K(AA:2,CC:2,AC:1);N194H(AC:1);N194D(CC:1,CA:2);S194N(CA:2);I194N(CC:2);K194N(CA:1);N194Y(CC:1);N194T(CC:1,AC:1);N194S(CC:11,AA:1,CA:1,AC:2)	5	6	3	18	9	23	32
214	189	203	196	1	190helix	1		0.554935	0.257521	1.195837	0.222312	1.385225	0.285538	NaN	NaN	NaN	NaN	0.9543348	T196A(AA:2,CC:4,CA:2);T196I(AA:1,CC:2,AC:3);T196N(AA:1,AC:1);N196T(AC:2);A196T(CC:2,CA:1)	6	3	4	8	7	14	21
217	192	206	199	1	190helix		1	0.158642	0.027259	0.923271	0.019455	1.293604	0.091896	NaN	NaN	NaN	NaN	0.9543348	A199V(CC:5,AC:2,CA:1)	2	1	0	5	1	7	8
218	193	207	200	1	190helix		1	0.559853	0.074487	4.207900	0.050622	6.191680	0.920923	NaN	NaN	NaN	NaN	0.9543348	K200N(CC:1);K200R(CC:1,CA:1)	0	1	0	2	1	2	3
223	198	212	205		190helix		1	0					0.518953	NaN	NaN	NaN	NaN	0.9543348	S205P(CC:1,AC:1)	1	0	0	1	0	2	2
224	199	213	206					0					0.019402	NaN	NaN	NaN	NaN	0.9543348	K206N(CC:3,AC:3);E206K(CC:1)	3	0	0	4	0	7	7
229	203	217	211					0					0.518953	NaN	NaN	NaN	NaN	0.9543348	T211A(CC:2)	0	0	0	2	0	2	2
230	204	218	212					InF					0.954335	NaN	NaN	NaN	NaN	0.9543348	S212T(AA:1)	0	0	1	0	1	0	1
231	205	219	213					0					0.954335	NaN	NaN	NaN	NaN	0.9543348	S213Y(CC:1)	0	0	0	1	0	1	1
232	206	220	214					0					0.954335	NaN	NaN	NaN	NaN	0.9543348	A214S(AC:1)	1	0	0	0	0	1	1
233	207	221	215					1.121771	0.215896	5.828599	0.157472	7.991080	0.696834	NaN	NaN	NaN	NaN	0.9543348	N215S(CC:1);D215N(AA:1,AC:1);N215D(CA:1)	1	1	1	1	2	2	4
235	209	223	217					InF					0.192488	NaN	NaN	NaN	NaN	0.9543348	M217V(AA:1);V217M(AA:1);V217L(AA:1)	0	0	3	0	3	0	3
236	210	224	218					InF					0.192488	NaN	NaN	NaN	NaN	0.9543348	T218A(AA:1);I218T(CA:2)	0	2	1	0	3	0	3
237	211	225	219					InF					0.954335	NaN	NaN	NaN	NaN	0.9543348	T219K(AA:1)	0	0	1	0	1	0	1
238	212	226	220					0					0.071379	NaN	NaN	NaN	NaN	0.9543348	H220Y(CC:1);Y220H(CC:4)	0	0	0	5	0	5	5
239	213	227	221					0					0.954335	NaN	NaN	NaN	NaN	0.9543348	Y221H(CC:1)	0	0	0	1	0	1	1
240	214	228	222					1.121547	0.109296	11.508840	0.069979	17.974975	0.518953	NaN	NaN	NaN	NaN	0.9543348	V222I(CC:1);V222A(CA:1)	0	1	0	1	1	1	2
245	219	233	227					0.559041	0.134061	2.331226	0.101989	3.064325	0.787057	NaN	NaN	NaN	NaN	0.9543348	G227D(AA:1,AC:2);G227S(CC:2,CA:1)	2	1	1	2	2	4	6
247	221	235	229					1.121547	0.109296	11.508840	0.069979	17.974975	0.518953	NaN	NaN	NaN	NaN	0.9543348	P229L(CC:1);P229S(AA:1)	0	0	1	1	1	1	2
248	222	236	230			1	1	0.222836	0.036664	1.354335	0.025952	1.913392	0.263163	NaN	NaN	NaN	NaN	0.9543348	N230K(CC:2);N230D(CC:1,AA:1,AC:1);N230T(CC:1)	1	0	1	4	1	5	6
250	224	238	232			1		0					0.954335	NaN	NaN	NaN	NaN	0.9543348	T232K(CC:1)	0	0	0	1	0	1	1
253	-	-	235		190helix			InF					0.954335	NaN	NaN	NaN	NaN	0.9543348	G235E(CA:1)	0	1	0	0	1	0	1
256	225	239	238	1	190helix		1	InF					0.954335	NaN	NaN	NaN	NaN	0.9543348	P238L(AA:1)	0	0	1	0	1	0	1
537	505	520	519					0					0.954335	NaN	NaN	NaN	NaN	0.9543348	A519T(CC:1)	0	0	0	1	0	1	1
261	230	244	243					InF					0.954335	NaN	NaN	NaN	NaN	0.9543348	V243I(AA:1)	0	0	1	0	1	0	1
262	231	245	244					InF					0.954335	NaN	NaN	NaN	NaN	0.9543348	V244I(AA:1)	0	0	1	0	1	0	1
263	232	246	245					4.511111	0.715201	28.453693	0.502649	40.485768	0.300315	NaN	NaN	NaN	NaN	0.9543348	V245I(AA:4,AC:1)	1	0	4	0	4	1	5
267	236	250	249					3.377079	0.504113	22.623254	0.350231	32.563264	0.536746	NaN	NaN	NaN	NaN	0.9543348	M249V(CC:1);V249M(AA:2,CA:1)	0	1	2	1	3	1	4
269	238	252	251					InF					0.954335	NaN	NaN	NaN	NaN	0.9543348	K251R(AA:1)	0	0	1	0	1	0	1
270	239	253	252					InF					0.088759	NaN	NaN	NaN	NaN	0.9543348	S252P(CA:2);S252F(CA:1);S252T(CA:1)	0	4	0	0	4	0	4
271	240	254	253					2.247232	0.298990	16.890396	0.203195	24.853237	0.920923	NaN	NaN	NaN	NaN	0.9543348	G253R(AA:1,CC:1);G253E(AA:1)	0	0	2	1	2	1	3
273	242	256	255					2.820037	0.709644	11.206481	0.544875	14.595281	0.360411	NaN	NaN	NaN	NaN	0.9543348	T255A(AA:3,CC:1);T255P(AA:1,AC:1);A255T(AA:1)	1	0	5	1	5	2	7
277	246	260	259					0					0.954335	NaN	NaN	NaN	NaN	0.9543348	T259I(CC:1)	0	0	0	1	0	1	1
279	248	262	261					InF					0.954335	NaN	NaN	NaN	NaN	0.9543348	Q261H(AA:1)	0	0	1	0	1	0	1
281	250	264	263					InF					0.954335	NaN	NaN	NaN	NaN	0.9543348	G263C(AA:1)	0	0	1	0	1	0	1
282	251	265	264					1.121547	0.109296	11.508840	0.069979	17.974975	0.518953	NaN	NaN	NaN	NaN	0.9543348	I264V(AA:1,AC:1)	1	0	1	0	1	1	2
284	253	267	266					InF					0.954335	NaN	NaN	NaN	NaN	0.9543348	L266F(AA:1)	0	0	1	0	1	0	1
287	256	270	269					3.377079	0.504113	22.623254	0.350231	32.563264	0.536746	NaN	NaN	NaN	NaN	0.9543348	K269S(AA:1);K269R(CA:1);R269K(AC:1);K269N(CA:1)	1	2	1	0	3	1	4
291	260	274	273					0.371464	0.096621	1.428114	0.074658	1.848224	0.359021	NaN	NaN	NaN	NaN	0.9543348	T273A(CC:1);A273T(AA:1,CC:2,AC:1);A273V(CC:1,AC:1,CA:1)	2	1	1	4	2	6	8
292	262	277	274				1	1.121771	0.215896	5.828599	0.157472	7.991080	0.696834	NaN	NaN	NaN	NaN	0.9543348	S274N(CC:2,AA:1);S274T(AA:1)	0	0	2	2	2	2	4
294	264	279	276					2.820037	0.709644	11.206481	0.544875	14.595281	0.360411	NaN	NaN	NaN	NaN	0.9543348	R276T(AA:1);R276M(AA:1);K276R(CC:1);R276K(AA:2,CC:1,CA:1)	0	1	4	2	5	2	7
295	265	280	277					InF					0.421765	NaN	NaN	NaN	NaN	0.9543348	S277H(AA:1,CA:1)	0	1	1	0	2	0	2
296	266	281	278					InF					0.421765	NaN	NaN	NaN	NaN	0.9543348	T278K(AA:1);K278T(AA:1)	0	0	2	0	2	0	2
50	45	52	35				1	InF					0.421765	NaN	NaN	NaN	NaN	0.9543348	T35A(AA:2)	0	0	2	0	2	0	2
10	-	11	-					InF					0.954335	NaN	NaN	NaN	NaN	0.9543348	V-A(CA:1)	0	1	0	0	1	0	1
311	281	296	293					0					0.954335	NaN	NaN	NaN	NaN	0.9543348	L293I(AC:1)	1	0	0	0	0	1	1
314	284	299	296					2.247232	0.298990	16.890396	0.203195	24.853237	0.920923	NaN	NaN	NaN	NaN	0.9543348	K296R(AC:1,CA:2)	1	2	0	0	2	1	3
322	292	307	304					InF					0.954335	NaN	NaN	NaN	NaN	0.9543348	K304R(AA:1)	0	0	1	0	1	0	1
329	298	313	311					1.121996	0.291842	4.313559	0.225505	5.582481	0.787057	NaN	NaN	NaN	NaN	0.9543348	L311H(CC:1,CA:3);H311L(CC:2)	0	3	0	3	3	3	6
331	300	315	313					InF					0.954335	NaN	NaN	NaN	NaN	0.9543348	K313R(CA:1)	0	1	0	0	1	0	1
332	301	316	314					InF					0.954335	NaN	NaN	NaN	NaN	0.9543348	A314T(CA:1)	0	1	0	0	1	0	1
333	302	317	315					3.390335	0.881850	13.034375	0.681401	16.868727	0.215636	NaN	NaN	NaN	NaN	0.9543348	I315V(AA:5,CC:1,AC:1,CA:1)	1	1	5	1	6	2	8
338	307	322	320					0					0.954335	NaN	NaN	NaN	NaN	0.9543348	I320T(CC:1)	0	0	0	1	0	1	1
341	310	325	323					0					0.518953	NaN	NaN	NaN	NaN	0.9543348	K323R(CC:1,AC:1)	1	0	0	1	0	2	2
342	311	326	324					InF					0.954335	NaN	NaN	NaN	NaN	0.9543348	T324A(AA:1)	0	0	1	0	1	0	1
569	535	550	551					InF					0.192488	NaN	NaN	NaN	NaN	0.9543348	F551L(AA:2,CA:1)	0	1	2	0	3	0	3
345	315	330	327					0					0.518953	NaN	NaN	NaN	NaN	0.9543348	K327N(CC:1);K327R(AC:1)	1	0	0	1	0	2	2
347	317	332	329					InF					0.954335	NaN	NaN	NaN	NaN	0.9543348	A329V(AA:1)	0	0	1	0	1	0	1
58	53	60	43					InF					0.954335	NaN	NaN	NaN	NaN	0.9543348	N43K(AA:1)	0	0	1	0	1	0	1
355	325	340	337					0					0.954335	NaN	NaN	NaN	NaN	0.9543348	L337P(CC:1)	0	0	0	1	0	1	1
356	-	-	338					InF					0.421765	NaN	NaN	NaN	NaN	0.9543348	A338T(AA:1);A338S(AA:1)	0	0	2	0	2	0	2
360	327	342	342					0.279006	0.044234	1.759816	0.031088	2.503980	0.433752	NaN	NaN	NaN	NaN	0.9543348	R342K(CC:1);K342R(CC:3,AA:1)	0	0	1	4	1	4	5
12	-	14	-					0					0.518953	NaN	NaN	NaN	NaN	0.9543348	T-A(CC:2)	0	0	0	2	0	2	2
62	-	-	47					0					0.954335	NaN	NaN	NaN	NaN	0.9543348	T47A(CC:1)	0	0	0	1	0	1	1
391	358	373	373					InF					0.954335	NaN	NaN	NaN	NaN	0.9543348	A373T(CA:1)	0	1	0	0	1	0	1
394	361	376	376					0.477687	0.152876	1.492616	0.122910	1.856512	0.435385	NaN	NaN	NaN	NaN	0.9543348	V376I(CC:4,AC:2,CA:3);I376V(CC:1)	2	3	0	5	3	7	10
398	365	380	380					InF					0.954335	NaN	NaN	NaN	NaN	0.9543348	A380G(CA:1)	0	1	0	0	1	0	1
400	367	382	382					0					0.518953	NaN	NaN	NaN	NaN	0.9543348	L382F(AC:2)	2	0	0	0	0	2	2
579	544	560	561			1		0					0.954335	NaN	NaN	NaN	NaN	0.9543348	V561I(AC:1)	1	0	0	0	0	1	1
407	374	389	389					0					0.954335	NaN	NaN	NaN	NaN	0.9543348	I389V(AC:1)	1	0	0	0	0	1	1
408	375	390	390					InF					0.421765	NaN	NaN	NaN	NaN	0.9543348	N390D(AA:1,CA:1)	0	1	1	0	2	0	2
542	510	525	524				1	2.820037	0.709644	11.206481	0.544875	14.595281	0.360411	NaN	NaN	NaN	NaN	0.9543348	D524Y(CC:1);N524D(AC:1);D524N(AA:2,CA:3)	1	3	2	1	5	2	7
412	379	394	394					0					0.954335	NaN	NaN	NaN	NaN	0.9543348	K394E(AC:1)	1	0	0	0	0	1	1
422	389	404	404					0.559853	0.074487	4.207900	0.050622	6.191680	0.920923	NaN	NaN	NaN	NaN	0.9543348	V404I(CC:1,AA:1,AC:1)	1	0	1	1	1	2	3
423	390	405	405					1.121547	0.109296	11.508840	0.069979	17.974975	0.518953	NaN	NaN	NaN	NaN	0.9543348	K405R(CA:1);K405E(CC:1)	0	1	0	1	1	1	2
31	26	33	16					0					0.954335	NaN	NaN	NaN	NaN	0.9543348	V16I(AC:1)	1	0	0	0	0	1	1
428	395	410	410					InF					0.954335	NaN	NaN	NaN	NaN	0.9543348	L410V(AA:1)	0	0	1	0	1	0	1
430	397	412	412					InF					0.954335	NaN	NaN	NaN	NaN	0.9543348	G412S(CA:1)	0	1	0	0	1	0	1
432	399	414	414					3.377079	0.504113	22.623254	0.350231	32.563264	0.536746	NaN	NaN	NaN	NaN	0.9543348	M414I(AA:2,CC:1,CA:1)	0	1	2	1	3	1	4
433	400	415	415					0					0.954335	NaN	NaN	NaN	NaN	0.9543348	D415N(CC:1)	0	0	0	1	0	1	1
435	402	417	417					InF					0.421765	NaN	NaN	NaN	NaN	0.9543348	L417I(CA:2)	0	2	0	0	2	0	2
437	404	419	419					InF					0.421765	NaN	NaN	NaN	NaN	0.9543348	N419Y(AA:1);N419T(AA:1)	0	0	2	0	2	0	2
438	405	420	420					0					0.518953	NaN	NaN	NaN	NaN	0.9543348	E420K(CC:1);K420E(CC:1)	0	0	0	2	0	2	2
439	406	421	421					1.121547	0.109296	11.508840	0.069979	17.974975	0.518953	NaN	NaN	NaN	NaN	0.9543348	I421L(AA:1);I421V(CC:1)	0	0	1	1	1	1	2
440	407	422	422					InF					0.192488	NaN	NaN	NaN	NaN	0.9543348	L422I(AA:2,CA:1)	0	1	2	0	3	0	3
442	409	424	424					0					0.265618	NaN	NaN	NaN	NaN	0.9543348	L424I(CC:2,AC:1)	1	0	0	2	0	3	3
444	411	426	426					InF					0.954335	NaN	NaN	NaN	NaN	0.9543348	E426G(AA:1)	0	0	1	0	1	0	1
453	420	435	435					InF					0.954335	NaN	NaN	NaN	NaN	0.9543348	T435I(AA:1)	0	0	1	0	1	0	1
478	445	460	460					4.511111	0.715201	28.453693	0.502649	40.485768	0.300315	NaN	NaN	NaN	NaN	0.9543348	F460L(CC:1,CA:4)	0	4	0	1	4	1	5
482	449	464	464					0					0.265618	NaN	NaN	NaN	NaN	0.9543348	R464K(CC:3)	0	0	0	3	0	3	3
485	452	467	467					InF					0.954335	NaN	NaN	NaN	NaN	0.9543348	K467R(AA:1)	0	0	1	0	1	0	1
493	460	475	475					0					0.954335	NaN	NaN	NaN	NaN	0.9543348	V475I(CC:1)	0	0	0	1	0	1	1
495	462	477	477					InF					0.954335	NaN	NaN	NaN	NaN	0.9543348	I477V(CA:1)	0	1	0	0	1	0	1
