abs_pos	ref(H3)	ref(H1)	ref(B73)	RBS	AS	GS	PS	OR_uMLE	wald_MLE_CI90L	wald_MLE_CI90R	wald_MLE_CI95L	wald_MLE_CI95R	p-value	ss_CI90L	ss_CI90R	ss_CI95L	ss_CI95R	q-value	Mutations(H1)	AC	CA	AA	CC	End-in-Adult	End-in-Child	Total
512	497	512	511					0					0.157655	NaN	NaN	NaN	NaN	0.963918784053	V512L(CC:1);L512V(AC:1)	1	0	0	1	0	2	2
513	498	513	512				1	0.369270	0.035993	3.788552	0.023046	5.916894	0.948837	NaN	NaN	NaN	NaN	0.963918784053	N513K(CA:1,AC:1)	1	1	0	0	1	1	2
2	-	2	-					0.739167	0.098367	5.554385	0.066854	8.172599	0.671610	NaN	NaN	NaN	NaN	0.963918784053	K2N(AA:1);K2E(CC:1,CA:1)	0	1	1	1	2	1	3
3	-	3	-					1.480851	0.234837	9.338062	0.165053	13.286160	0.880895	NaN	NaN	NaN	NaN	0.963918784053	A3V(AA:1);A3E(CC:1);A3T(AA:2,CA:1)	0	1	3	1	4	1	5
4	-	4	-					0.368734	0.070986	1.915373	0.051779	2.625861	0.646975	NaN	NaN	NaN	NaN	0.963918784053	I4V(CC:1,AC:1);I4T(AA:1);I4M(CA:1)	1	1	1	1	2	2	4
5	-	5	-					InF					0.625663	NaN	NaN	NaN	NaN	0.963918784053	L5V(AA:1)	0	0	1	0	1	0	1
6	-	6	-					0.737831	0.268302	2.029033	0.221053	2.462728	0.866129	NaN	NaN	NaN	NaN	0.963918784053	V6L(CC:1,AC:2);V6A(AA:1,CA:2,AC:1);V6I(AA:5)	3	2	6	1	8	4	12
7	-	7	-					0.219898	0.065908	0.733676	0.052328	0.924075	0.081236	NaN	NaN	NaN	NaN	0.963918784053	V7G(AC:1);G7V(CC:1);V7I(AA:3,AC:3)	4	0	3	1	3	5	8
8	-	8	-					InF					0.625663	NaN	NaN	NaN	NaN	0.963918784053	M8L(CA:1)	0	1	0	0	1	0	1
521	506	521	520					InF					0.625663	NaN	NaN	NaN	NaN	0.963918784053	K521E(AA:1)	0	0	1	0	1	0	1
10	-	10	-					0.368734	0.070986	1.915373	0.051779	2.625861	0.646975	NaN	NaN	NaN	NaN	0.963918784053	H10N(AA:1);Y10H(CC:2,AA:1)	0	0	2	2	2	2	4
11	-	11	-					InF					0.479929	NaN	NaN	NaN	NaN	0.963918784053	T11P(AA:1);T11I(AA:2,CA:1)	0	1	3	0	4	0	4
12	-	12	-					1.110256	0.369364	3.337275	0.299177	4.120196	0.866129	NaN	NaN	NaN	NaN	0.963918784053	L12F(AA:1);F12S(AA:1);V12L(AA:1,AC:2);F12Y(AA:1,CA:1);F12L(AA:3);S12F(AA:1,AC:1)	3	1	8	0	9	3	12
13	-	13	-					0.924191	0.232645	3.671382	0.178640	4.781285	0.733351	NaN	NaN	NaN	NaN	0.963918784053	T13I(CC:1);V13A(AA:2,AC:1);A13V(AA:1);A13T(AA:2)	1	0	5	1	5	2	7
14	-	14	-					0.738723	0.177207	3.079519	0.134821	4.047684	0.911397	NaN	NaN	NaN	NaN	0.963918784053	T14A(CA:1);T14I(CC:1,AA:1,AC:1,CA:1);T14P(CA:1)	1	3	1	1	4	2	6
15	-	15	-					1.296075	0.345477	4.862291	0.268203	6.263199	0.957924	NaN	NaN	NaN	NaN	0.963918784053	A15T(AA:6,AC:2);A15V(CA:1)	2	1	6	0	7	2	9
16	-	16	-					0.862059	0.276000	2.692553	0.221919	3.348730	0.885632	NaN	NaN	NaN	NaN	0.963918784053	N16K(CC:1,AA:1,AC:1);N16S(AA:2,CC:1,CA:1);N16T(AA:2);N16D(AA:1)	1	1	6	2	7	3	10
17	-	17	-					0					0.157655	NaN	NaN	NaN	NaN	0.963918784053	A17T(CC:1,AC:1)	1	0	0	1	0	2	2
530	515	530	531					InF					0.625663	NaN	NaN	NaN	NaN	0.963918784053	I530S(AA:1)	0	0	1	0	1	0	1
515	500	515	514					0					0.625663	NaN	NaN	NaN	NaN	0.963918784053	E515G(CC:1)	0	0	0	1	0	1	1
532	517	532	533					InF					0.948837	NaN	NaN	NaN	NaN	0.963918784053	A532T(CA:2)	0	2	0	0	2	0	2
22	15	22	5					InF					0.948837	NaN	NaN	NaN	NaN	0.963918784053	I22V(AA:1);I22T(AA:1)	0	0	2	0	2	0	2
536	521	536	537					InF					0.625663	NaN	NaN	NaN	NaN	0.963918784053	T536A(AA:1)	0	0	1	0	1	0	1
537	522	537	538					1.856287	0.517377	6.660140	0.405099	8.506071	0.619972	NaN	NaN	NaN	NaN	0.963918784053	V537A(AA:8);V537I(AA:2,AC:2)	2	0	10	0	10	2	12
517	502	517	516					InF					0.625663	NaN	NaN	NaN	NaN	0.963918784053	I517V(AA:1)	0	0	1	0	1	0	1
28	21	28	11			1		0					0.625663	NaN	NaN	NaN	NaN	0.963918784053	N28D(AC:1)	1	0	0	0	0	1	1
541	526	541	542					0					0.041206	NaN	NaN	NaN	NaN	0.963918784053	L541F(CC:2,AC:1)	1	0	0	2	0	3	3
30	23	30	13					0					0.625663	NaN	NaN	NaN	NaN	0.963918784053	T30S(AC:1)	1	0	0	0	0	1	1
543	528	543	544					InF					0.671610	NaN	NaN	NaN	NaN	0.963918784053	L543M(AA:1);L543K(AA:1);M543L(AA:1)	0	0	3	0	3	0	3
544	529	544	545				1	0.738723	0.177207	3.079519	0.134821	4.047684	0.911397	NaN	NaN	NaN	NaN	0.963918784053	V544A(CC:1,AA:2);V544I(AA:1,CA:1,AC:1)	1	1	3	1	4	2	6
545	530	545	546					InF					0.948837	NaN	NaN	NaN	NaN	0.963918784053	V545I(AA:1);I545V(AA:1)	0	0	2	0	2	0	2
546	531	546	547					InF					0.625663	NaN	NaN	NaN	NaN	0.963918784053	S546F(AA:1)	0	0	1	0	1	0	1
36	29	36	19					InF					0.248322	NaN	NaN	NaN	NaN	0.963918784053	V36I(AA:5);V36L(AA:1)	0	0	6	0	6	0	6
518	503	518	517					InF					0.479929	NaN	NaN	NaN	NaN	0.963918784053	D518N(AA:1);N518D(AA:1);D518Y(AA:1,CA:1)	0	1	3	0	4	0	4
38	31	38	21					InF					0.625663	NaN	NaN	NaN	NaN	0.963918784053	E38K(AA:1)	0	0	1	0	1	0	1
39	32	39	22					InF					0.625663	NaN	NaN	NaN	NaN	0.963918784053	K39R(AA:1)	0	0	1	0	1	0	1
519	504	519	518					0.368197	0.095804	1.415071	0.074032	1.831225	0.437800	NaN	NaN	NaN	NaN	0.963918784053	E519G(AA:1,AC:3);G519E(AA:2)	3	0	3	0	3	3	6
556	540	556	557					InF					0.671610	NaN	NaN	NaN	NaN	0.963918784053	S556P(AA:1);S556Y(AA:1);S556F(AA:1)	0	0	3	0	3	0	3
45	38	45	28					InF					0.625663	NaN	NaN	NaN	NaN	0.963918784053	H45R(CA:1)	0	1	0	0	1	0	1
47	40	47	30					0.122524	0.018294	0.820602	0.012710	1.181097	0.137555	NaN	NaN	NaN	NaN	0.963918784053	V47I(AA:1,AC:1);V47A(CC:2)	1	0	1	2	1	3	4
48	41	48	31					0.369270	0.035993	3.788552	0.023046	5.916894	0.948837	NaN	NaN	NaN	NaN	0.963918784053	N48D(AA:1,AC:1)	1	0	1	0	1	1	2
520	505	520	519					0					0.625663	NaN	NaN	NaN	NaN	0.963918784053	V520I(CC:1)	0	0	0	1	0	1	1
562	546	562	563					InF					0.625663	NaN	NaN	NaN	NaN	0.963918784053	C562F(AA:1)	0	0	1	0	1	0	1
51	44	51	34					InF					0.625663	NaN	NaN	NaN	NaN	0.963918784053	E51D(CA:1)	0	1	0	0	1	0	1
52	45	52	35				1	1.296075	0.345477	4.862291	0.268203	6.263199	0.957924	NaN	NaN	NaN	NaN	0.963918784053	D52G(AA:2);D52N(AA:2,AC:2);D52E(AA:1);D52Y(AA:1,CA:1)	2	1	6	0	7	2	9
53	46	53	36					0.491348	0.139402	1.731841	0.109522	2.204324	0.612994	NaN	NaN	NaN	NaN	0.963918784053	K53R(AA:1,AC:2);K53E(AA:3,CC:1)	2	0	4	1	4	3	7
55	48	55	38				1	InF					0.671610	NaN	NaN	NaN	NaN	0.963918784053	N55D(AA:3)	0	0	3	0	3	0	3
56	49	56	39					2.598123	0.446546	15.116573	0.318725	21.178889	0.584406	NaN	NaN	NaN	NaN	0.963918784053	G56E(AA:4,AC:1);G56R(AA:3)	1	0	7	0	7	1	8
61	54	61	44					0.369270	0.035993	3.788552	0.023046	5.916894	0.948837	NaN	NaN	NaN	NaN	0.963918784053	L61I(AA:1,AC:1)	1	0	1	0	1	1	2
62	-	62	50					2.598123	0.446546	15.116573	0.318725	21.178889	0.584406	NaN	NaN	NaN	NaN	0.963918784053	R62K(AA:4,AC:1,CA:1);K62R(AA:1);I62R(AA:1)	1	1	6	0	7	1	8
64	56	64	52		Cb			1.109694	0.165689	7.432100	0.115118	10.697054	0.646975	NaN	NaN	NaN	NaN	0.963918784053	V64L(AA:1);V64G(AA:1);V64I(CA:1,AC:1)	1	1	2	0	3	1	4
65	57	65	53					0.738278	0.229857	2.371275	0.183831	2.964978	0.957924	NaN	NaN	NaN	NaN	0.963918784053	A65S(AA:2,CC:1);A65P(AA:1,AC:2);A65V(AA:1);A65T(CA:1);A65D(AA:1)	2	1	5	1	6	3	9
523	508	523	522					InF					0.625663	NaN	NaN	NaN	NaN	0.963918784053	E523D(AA:1)	0	0	1	0	1	0	1
68	60	68	56					0.739167	0.098367	5.554385	0.066854	8.172599	0.671610	NaN	NaN	NaN	NaN	0.963918784053	H68N(AC:1);H68Q(AA:1);H68Y(AA:1)	1	0	2	0	2	1	3
71	63	71	59					InF					0.344690	NaN	NaN	NaN	NaN	0.963918784053	K71R(AA:2,CA:3)	0	3	2	0	5	0	5
524	509	524	523					0.369270	0.035993	3.788552	0.023046	5.916894	0.948837	NaN	NaN	NaN	NaN	0.963918784053	S524P(AC:1,CA:1)	1	1	0	0	1	1	2
525	510	525	524				1	InF					0.948837	NaN	NaN	NaN	NaN	0.963918784053	T525A(AA:2)	0	0	2	0	2	0	2
83	75	83	71					0.369270	0.035993	3.788552	0.023046	5.916894	0.948837	NaN	NaN	NaN	NaN	0.963918784053	E83G(AA:1);E83K(AC:1)	1	0	1	0	1	1	2
526	511	526	525					0.245256	0.054477	1.104138	0.040841	1.472798	0.274669	NaN	NaN	NaN	NaN	0.963918784053	R526K(AA:1,AC:2);R526T(AA:1);G526R(AC:1)	3	0	2	0	2	3	5
86	78	86	74					0.368197	0.095804	1.415071	0.074032	1.831225	0.437800	NaN	NaN	NaN	NaN	0.963918784053	S86P(AA:2,CC:1,AC:1);P86S(AA:1,AC:1)	2	0	3	1	3	3	6
87	79	87	75		Cb			InF					0.344690	NaN	NaN	NaN	NaN	0.963918784053	L87F(AA:1,CA:2);L87V(AA:1,CA:1)	0	3	2	0	5	0	5
89	81	89	77					0					0.157655	NaN	NaN	NaN	NaN	0.963918784053	T89A(CC:1,AC:1)	1	0	0	1	0	2	2
90	-	90	78					0.924191	0.232645	3.671382	0.178640	4.781285	0.733351	NaN	NaN	NaN	NaN	0.963918784053	A90V(AC:1);T90A(AA:2);A90T(AA:1);E90A(AA:1);A90S(AA:1,AC:1)	2	0	5	0	5	2	7
91	82	91	79		Cb			InF					0.248322	NaN	NaN	NaN	NaN	0.963918784053	S91G(AA:1);S91N(AA:1,CA:2);S91R(AA:1);S91I(AA:1)	0	2	4	0	6	0	6
92	83	92	80		Cb			InF					0.625663	NaN	NaN	NaN	NaN	0.963918784053	S92T(CA:1)	0	1	0	0	1	0	1
97	88	97	85					InF					0.625663	NaN	NaN	NaN	NaN	0.963918784053	V97I(AA:1)	0	0	1	0	1	0	1
99	90	99	87		H1C			InF					0.625663	NaN	NaN	NaN	NaN	0.963918784053	T99A(AA:1)	0	0	1	0	1	0	1
100	91	100	88					0.182823	0.056920	0.587219	0.045522	0.734245	0.031824	NaN	NaN	NaN	NaN	0.963918784053	S100F(AA:1,AC:1);S100Y(AA:1);S100P(AA:1,CC:1,AC:4)	5	0	3	1	3	6	9
101	92	101	89					0.923867	0.347573	2.455683	0.288235	2.961227	0.864699	NaN	NaN	NaN	NaN	0.963918784053	N101T(AA:1);S101T(CA:1);S101I(CC:1,AA:2);D101G(CA:1);S101N(AA:2,AC:1);G101S(AA:1);S101G(CC:1,AA:1,CA:1);S101D(AC:1)	2	3	7	2	10	4	14
103	94	103	91					0.924191	0.232645	3.671382	0.178640	4.781285	0.733351	NaN	NaN	NaN	NaN	0.963918784053	D103G(AC:1);D103N(AA:3,CA:1,AC:1);D103E(AA:1)	2	1	4	0	5	2	7
113	103	113	99				1	InF					0.671610	NaN	NaN	NaN	NaN	0.963918784053	I113T(AA:1);V113I(AA:2)	0	0	3	0	3	0	3
114	104	114	100					0					0.625663	NaN	NaN	NaN	NaN	0.963918784053	N114D(AC:1)	1	0	0	0	0	1	1
19	12	19	2					0.369270	0.035993	3.788552	0.023046	5.916894	0.948837	NaN	NaN	NaN	NaN	0.963918784053	T19I(AA:1,AC:1)	1	0	1	0	1	1	2
125	112	125	111					0.369270	0.035993	3.788552	0.023046	5.916894	0.948837	NaN	NaN	NaN	NaN	0.963918784053	V125M(AA:1,AC:1)	1	0	1	0	1	1	2
126	113	126	112					InF					0.625663	NaN	NaN	NaN	NaN	0.963918784053	S126T(AA:1)	0	0	1	0	1	0	1
127	114	127	113					0.369270	0.035993	3.788552	0.023046	5.916894	0.948837	NaN	NaN	NaN	NaN	0.963918784053	S127T(CC:1,CA:1)	0	1	0	1	1	1	2
128	115	128	114					InF					0.948837	NaN	NaN	NaN	NaN	0.963918784053	F128L(AA:2)	0	0	2	0	2	0	2
129	116	129	115					1.109694	0.165689	7.432100	0.115118	10.697054	0.646975	NaN	NaN	NaN	NaN	0.963918784053	E129K(AA:3,AC:1)	1	0	3	0	3	1	4
130	117	130	116		Cb			0.924191	0.232645	3.671382	0.178640	4.781285	0.733351	NaN	NaN	NaN	NaN	0.963918784053	R130K(CC:1,AA:3,CA:1);K130R(CC:1,CA:1)	0	2	3	2	5	2	7
133	120	133	119					0.924191	0.232645	3.671382	0.178640	4.781285	0.733351	NaN	NaN	NaN	NaN	0.963918784053	I133M(AA:5,CC:2)	0	0	5	2	5	2	7
135	122	135	121					InF					0.948837	NaN	NaN	NaN	NaN	0.963918784053	P135S(AA:2)	0	0	2	0	2	0	2
136	123	136	122			1	1	InF					0.248322	NaN	NaN	NaN	NaN	0.963918784053	E136K(AA:2);K136R(AA:1);K136E(CA:1);K136N(AA:1);K136M(AA:1)	0	1	5	0	6	0	6
137	124	137	128					InF					0.344690	NaN	NaN	NaN	NaN	0.963918784053	T137M(AA:1);T137I(AA:1);T137A(AA:3)	0	0	5	0	5	0	5
138	125	138	129					0.886375	0.367465	2.138060	0.310448	2.530730	0.960727	NaN	NaN	NaN	NaN	0.963918784053	S138N(AA:5,CA:1);S138G(AA:1,CA:1);I138S(AA:1,AC:1);N138S(AA:1);S138I(CC:1,AA:1,CA:1,AC:3)	4	3	9	1	12	5	17
141	128	141	132		Sa			0					0.157655	NaN	NaN	NaN	NaN	0.963918784053	P141L(CC:2)	0	0	0	2	0	2	2
516	501	516	515					0.738723	0.177207	3.079519	0.134821	4.047684	0.911397	NaN	NaN	NaN	NaN	0.963918784053	K516R(AA:2,AC:1);E516K(AA:2,AC:1)	2	0	4	0	4	2	6
144	131	144	-	1			1	0.367660	0.114467	1.180891	0.091547	1.476556	0.308101	NaN	NaN	NaN	NaN	0.963918784053	E144D(AC:1);D144E(AA:4,AC:3)	4	0	4	0	4	4	8
145	132	145	135	1	Ca2			0.369270	0.035993	3.788552	0.023046	5.916894	0.948837	NaN	NaN	NaN	NaN	0.963918784053	S145L(AC:1);S145T(CA:1)	1	1	0	0	1	1	2
146	133	146	136	1			1	0.491348	0.139402	1.731841	0.109522	2.204324	0.612994	NaN	NaN	NaN	NaN	0.963918784053	N146D(AA:1,CC:1,AC:1);N146S(AA:1,CA:1);D146N(CC:1,CA:1)	1	2	2	2	4	3	7
147	-	147	137					0					0.157655	NaN	NaN	NaN	NaN	0.963918784053	K147N(AC:1);K147R(CC:1)	1	0	0	1	0	2	2
149	135	149	139	1				InF					0.625663	NaN	NaN	NaN	NaN	0.963918784053	V149I(AA:1)	0	0	1	0	1	0	1
151	137	151	141	1			1	InF					0.671610	NaN	NaN	NaN	NaN	0.963918784053	V151A(AA:1);A151V(AA:2)	0	0	3	0	3	0	3
152	138	152	142	1				InF					0.625663	NaN	NaN	NaN	NaN	0.963918784053	A152S(AA:1)	0	0	1	0	1	0	1
154	140	154	144	1	Ca2		1	1.480851	0.234837	9.338062	0.165053	13.286160	0.880895	NaN	NaN	NaN	NaN	0.963918784053	P154L(AA:2);P154S(AA:2,AC:1)	1	0	4	0	4	1	5
155	141	155	146					0.924191	0.232645	3.671382	0.178640	4.781285	0.733351	NaN	NaN	NaN	NaN	0.963918784053	H155Q(AA:1,CA:2,AC:1);H155R(CA:1);H155Y(AC:1);Q155H(CA:1)	2	4	1	0	5	2	7
156	142	156	147				1	1.109694	0.165689	7.432100	0.115118	10.697054	0.646975	NaN	NaN	NaN	NaN	0.963918784053	A156S(AA:1,AC:1);A156D(CA:2)	1	2	1	0	3	1	4
158	144	158	149	1	Ca2		1	0.986052	0.322532	3.014580	0.260398	3.733893	0.744534	NaN	NaN	NaN	NaN	0.963918784053	A158V(AA:1,CA:1,AC:1);E158A(AA:1);A158T(AA:2,AC:1);A158E(AA:2,AC:1);A158S(CA:1)	3	2	6	0	8	3	11
159	145	159	150	1	Ca2		1	0.367660	0.114467	1.180891	0.091547	1.476556	0.308101	NaN	NaN	NaN	NaN	0.963918784053	K159R(AA:1,AC:4);R159K(AA:2,CA:1)	4	1	3	0	4	4	8
160	146	160	151	1				InF					0.671610	NaN	NaN	NaN	NaN	0.963918784053	G160S(AA:1);S160G(AA:2)	0	0	3	0	3	0	3
163	149	163	154		Cb			InF					0.344690	NaN	NaN	NaN	NaN	0.963918784053	K163E(AA:1,CA:1);K163R(AA:2);E163K(CA:1)	0	2	3	0	5	0	5
166	152	166	157			1		0.369270	0.035993	3.788552	0.023046	5.916894	0.948837	NaN	NaN	NaN	NaN	0.963918784053	I166V(AA:1,AC:1)	1	0	1	0	1	1	2
169	155	169	160	1				1.109694	0.165689	7.432100	0.115118	10.697054	0.646975	NaN	NaN	NaN	NaN	0.963918784053	V169I(AA:3);I169V(AC:1)	1	0	3	0	3	1	4
170	156	170	161	1	Sb		1	InF					0.625663	NaN	NaN	NaN	NaN	0.963918784053	K170E(AA:1)	0	0	1	0	1	0	1
171	157	171	162	1			1	InF					0.625663	NaN	NaN	NaN	NaN	0.963918784053	R171K(AA:1)	0	0	1	0	1	0	1
172	158	172	163	1			1	1.109694	0.165689	7.432100	0.115118	10.697054	0.646975	NaN	NaN	NaN	NaN	0.963918784053	G172E(AA:3,AC:1)	1	0	3	0	3	1	4
173	159	173	165	1	Sb		1	1.852641	0.304904	11.256922	0.215827	15.902894	0.911397	NaN	NaN	NaN	NaN	0.963918784053	N173S(AA:2,AC:1);N173K(AA:3)	1	0	5	0	5	1	6
174	160	174	167					InF					0.671610	NaN	NaN	NaN	NaN	0.963918784053	T174S(AA:1,CA:1);S174T(AA:1)	0	1	2	0	3	0	3
29	22	29	12			1		InF					0.625663	NaN	NaN	NaN	NaN	0.963918784053	P29S(AA:1)	0	0	1	0	1	0	1
177	163	177	171		Sa	1		0.369270	0.035993	3.788552	0.023046	5.916894	0.948837	NaN	NaN	NaN	NaN	0.963918784053	K177R(CA:1,AC:1)	1	1	0	0	1	1	2
178	164	178	172					0					0.625663	NaN	NaN	NaN	NaN	0.963918784053	L178I(CC:1)	0	0	0	1	0	1	1
179	165	179	173		Sa	1	1	InF					0.179258	NaN	NaN	NaN	NaN	0.963918784053	N179T(CA:2);S179R(AA:1);N179S(AA:1);S179N(AA:3)	0	2	5	0	7	0	7
180	166	180	174		Sa	1		0.737382	0.298075	1.824144	0.250611	2.169625	0.794595	NaN	NaN	NaN	NaN	0.963918784053	Q180R(CC:1,AA:1);Q180K(AA:2);K180N(AA:5,AC:2);I180T(AC:1);K180E(AA:1);K180T(AA:1,AC:1)	4	0	10	1	10	5	15
181	167	181	175		Sa	1		0.739167	0.098367	5.554385	0.066854	8.172599	0.671610	NaN	NaN	NaN	NaN	0.963918784053	S181F(AA:1,AC:1);S181T(AA:1)	1	0	2	0	2	1	3
183	169	183	177		Ca1			0.091681	0.014539	0.578134	0.010218	0.822568	0.045068	NaN	NaN	NaN	NaN	0.963918784053	I183T(CC:2,AC:2,CA:1)	2	1	0	2	1	4	5
185	171	185	179					0.245256	0.054477	1.104138	0.040841	1.472798	0.274669	NaN	NaN	NaN	NaN	0.963918784053	D185N(CC:1,AA:2,AC:2)	2	0	2	1	2	3	5
186	172	186	180					InF					0.948837	NaN	NaN	NaN	NaN	0.963918784053	K186R(AA:2)	0	0	2	0	2	0	2
187	173	187	181		Ca1			0.738723	0.177207	3.079519	0.134821	4.047684	0.911397	NaN	NaN	NaN	NaN	0.963918784053	G187E(AA:2,CC:1,CA:2,AC:1)	1	2	2	1	4	2	6
188	174	188	182					InF					0.948837	NaN	NaN	NaN	NaN	0.963918784053	K188R(AA:2)	0	0	2	0	2	0	2
189	175	189	183					0.146474	0.036871	0.581882	0.028312	0.757793	0.039128	NaN	NaN	NaN	NaN	0.963918784053	E189K(AA:1,CC:1);E189D(CC:1,AC:1);K189E(CC:2,CA:1)	1	1	1	4	2	5	7
190	176	190	184					0.738723	0.177207	3.079519	0.134821	4.047684	0.911397	NaN	NaN	NaN	NaN	0.963918784053	I190V(AA:2,AC:1);V190I(AA:1,CA:1,AC:1)	2	1	3	0	4	2	6
193	179	193	187					1.109694	0.165689	7.432100	0.115118	10.697054	0.646975	NaN	NaN	NaN	NaN	0.963918784053	L193M(AA:1);I193L(AA:1,AC:1);L193I(AA:1)	1	0	3	0	3	1	4
195	181	195	189					0					0.002883	NaN	NaN	NaN	NaN	0.566322329	S195G(CC:2);G195A(CC:3)	0	0	0	5	0	5	5
197	183	197	191	1				0					0.625663	NaN	NaN	NaN	NaN	0.963918784053	H197Y(CC:1)	0	0	0	1	0	1	1
198	184	198	-	1				InF					0.625663	NaN	NaN	NaN	NaN	0.963918784053	H198N(AA:1)	0	0	1	0	1	0	1
199	185	199	192	1				1.852641	0.304904	11.256922	0.215827	15.902894	0.911397	NaN	NaN	NaN	NaN	0.963918784053	P199Q(CC:1,AA:3);Q199P(CA:2)	0	2	3	1	5	1	6
200	186	200	193	1				0.471429	0.204708	1.085670	0.174486	1.273712	0.236429	NaN	NaN	NaN	NaN	0.963918784053	P200S(AA:1,CC:1,AC:2);S200P(AA:5,CA:3,AC:4)	6	3	6	1	9	7	16
201	187	201	194	1			1	0.369270	0.035993	3.788552	0.023046	5.916894	0.948837	NaN	NaN	NaN	NaN	0.963918784053	T201N(AA:1,AC:1)	1	0	1	0	1	1	2
202	188	202	195	1			1	4.096747	0.733127	22.892797	0.527336	31.826667	0.220139	NaN	NaN	NaN	NaN	0.963918784053	T202P(AA:1);T202S(AA:1);T202A(AA:1,CC:1,CA:2);T202I(AA:1);N202T(AA:3);T202N(AA:1,CA:1)	0	3	8	1	11	1	12
203	189	203	196	1	Sb			0.368197	0.095804	1.415071	0.074032	1.831225	0.437800	NaN	NaN	NaN	NaN	0.963918784053	A203S(AA:1);A203V(AC:1);A203T(CC:2,AA:1,CA:1)	1	1	2	2	3	3	6
204	190	204	197	1	Sb			0.368734	0.070986	1.915373	0.051779	2.625861	0.646975	NaN	NaN	NaN	NaN	0.963918784053	D204S(CC:1);D204G(CC:1);D204N(AA:1,CA:1)	0	1	1	2	2	2	4
207	193	207	200	1	Sb		1	0.161513	0.059842	0.435924	0.049480	0.527208	0.003750	NaN	NaN	NaN	NaN	0.566322329	S207I(CC:3,AA:2,AC:4);I207T(AC:1);S207R(CC:1,AA:1);N207S(AA:1)	5	0	4	4	4	9	13
208	194	208	201	1				1.109694	0.165689	7.432100	0.115118	10.697054	0.646975	NaN	NaN	NaN	NaN	0.963918784053	L208I(AA:2,AC:1,CA:1)	1	1	2	0	3	1	4
210	196	210	203	1	Sb		1	InF					0.948837	NaN	NaN	NaN	NaN	0.963918784053	Q210L(AA:1);Q210H(AA:1)	0	0	2	0	2	0	2
212	198	212	205		Sb		1	InF					0.129583	NaN	NaN	NaN	NaN	0.963918784053	A212E(AA:1,CA:1);A212T(AA:3,CA:3)	0	4	4	0	8	0	8
213	199	213	206					InF					0.671610	NaN	NaN	NaN	NaN	0.963918784053	D213N(AA:1,CA:1);D213E(CA:1)	0	2	1	0	3	0	3
214	200	214	208					InF					0.625663	NaN	NaN	NaN	NaN	0.963918784053	A214S(AA:1)	0	0	1	0	1	0	1
216	202	216	210					0.553571	0.122962	2.492155	0.092183	3.324256	0.880895	NaN	NaN	NaN	NaN	0.963918784053	V216A(AA:1,CA:2,AC:2)	2	2	1	0	3	2	5
217	203	217	211					0					0.625663	NaN	NaN	NaN	NaN	0.963918784053	F217S(AC:1)	1	0	0	0	0	1	1
218	204	218	212					InF					0.625663	NaN	NaN	NaN	NaN	0.963918784053	V218M(AA:1)	0	0	1	0	1	0	1
219	205	219	213					0.122524	0.018294	0.820602	0.012710	1.181097	0.137555	NaN	NaN	NaN	NaN	0.963918784053	E219G(AC:2);G219W(AC:1);G219E(AA:1)	3	0	1	0	1	3	4
222	208	222	216					0.923867	0.347573	2.455683	0.288235	2.961227	0.864699	NaN	NaN	NaN	NaN	0.963918784053	K222R(AA:1);R222K(CC:2,AA:7,AC:2,CA:2)	2	2	8	2	10	4	14
225	211	225	219					InF					0.948837	NaN	NaN	NaN	NaN	0.963918784053	K225R(AA:2)	0	0	2	0	2	0	2
226	212	226	220		Ca1			InF					0.625663	NaN	NaN	NaN	NaN	0.963918784053	K226M(AA:1)	0	0	1	0	1	0	1
227	213	227	221					InF					0.625663	NaN	NaN	NaN	NaN	0.963918784053	F227L(CA:1)	0	1	0	0	1	0	1
550	535	550	551					0.739167	0.098367	5.554385	0.066854	8.172599	0.671610	NaN	NaN	NaN	NaN	0.963918784053	I550V(AA:2,AC:1)	1	0	2	0	2	1	3
465	450	465	465					0.368734	0.070986	1.915373	0.051779	2.625861	0.646975	NaN	NaN	NaN	NaN	0.963918784053	K465R(AA:1,AC:1,CA:1);N465K(AC:1)	2	1	1	0	2	2	4
232	218	232	226				1	0.630187	0.286624	1.385567	0.246486	1.611191	0.486854	NaN	NaN	NaN	NaN	0.963918784053	A232T(AA:2,CA:1);A232G(CC:5,CA:2);E232A(AA:2,AC:1);A232E(AA:4,AC:1);A232V(CA:1)	2	4	8	5	12	7	19
233	219	233	227	1				1.359304	0.463722	3.984513	0.377417	4.895669	0.864699	NaN	NaN	NaN	NaN	0.963918784053	V233I(CA:1);T233I(AA:1,CA:1);I233M(AA:1);I233T(AA:4,AC:1,CA:1);I233V(AA:1,AC:1);I233R(AC:1);T233P(AA:1)	3	3	8	0	11	3	14
551	-	551	552					0.739167	0.098367	5.554385	0.066854	8.172599	0.671610	NaN	NaN	NaN	NaN	0.963918784053	S551C(AA:1);S551G(AA:1,AC:1)	1	0	2	0	2	1	3
24	17	24	7					InF					0.625663	NaN	NaN	NaN	NaN	0.963918784053	Y24H(AA:1)	0	0	1	0	1	0	1
237	223	237	231	1				0.245256	0.054477	1.104138	0.040841	1.472798	0.274669	NaN	NaN	NaN	NaN	0.963918784053	V237M(AA:1,AC:2);V237L(AA:1);V237E(AC:1)	3	0	2	0	2	3	5
239	225	239	238	1	Ca2		1	2.770897	1.418483	5.412731	1.247785	6.153196	0.008285	NaN	NaN	NaN	NaN	0.834072760667	G239D(AA:12,CC:1,AC:3);D239G(AA:23,CC:1,CA:3,AC:1);D239N(AA:8,CC:1,CA:1);G239T(AA:1);N239D(AA:1);D239Y(AA:2)	4	4	47	3	51	7	58
240	226	240	239	1			1	0.923867	0.347573	2.455683	0.288235	2.961227	0.864699	NaN	NaN	NaN	NaN	0.963918784053	Q240R(AA:4,CA:1);R240Q(CC:1,AA:4,CA:1,AC:3)	3	2	8	1	10	4	14
241	227	241	240	1			1	0.275510	0.078166	0.971089	0.061411	1.236024	0.195865	NaN	NaN	NaN	NaN	0.963918784053	E241G(CC:1,AA:1,AC:2);G241E(CC:1,AA:1,CA:1)	2	1	2	2	3	4	7
244	230	244	243					InF					0.625663	NaN	NaN	NaN	NaN	0.963918784053	M244I(AA:1)	0	0	1	0	1	0	1
245	231	245	244					0.368734	0.070986	1.915373	0.051779	2.625861	0.646975	NaN	NaN	NaN	NaN	0.963918784053	N245D(CC:1,AA:1);S245N(AC:1);N245K(AA:1)	1	0	2	1	2	2	4
247	233	247	246					0					0.157655	NaN	NaN	NaN	NaN	0.963918784053	Y247H(CC:1);H247Y(CC:1)	0	0	0	2	0	2	2
250	236	250	249					InF					0.948837	NaN	NaN	NaN	NaN	0.963918784053	L250I(CA:2)	0	2	0	0	2	0	2
251	237	251	250					0.986052	0.322532	3.014580	0.260398	3.733893	0.744534	NaN	NaN	NaN	NaN	0.963918784053	I251L(AA:1);I251V(CC:1,AA:1,AC:1);V251I(CC:1,AA:5,CA:1)	1	1	7	2	8	3	11
252	238	252	251					0.366581	0.141170	0.951918	0.117593	1.142768	0.161652	NaN	NaN	NaN	NaN	0.963918784053	E252K(AA:1,AC:1);E252D(AA:2,CC:1,CA:2,AC:2);E252G(AA:1,CC:1,AC:1)	4	2	4	2	6	6	12
256	242	256	255		Ca1			InF					0.344690	NaN	NaN	NaN	NaN	0.963918784053	K256R(AA:3,CA:2)	0	2	3	0	5	0	5
258	244	258	257		Ca1			InF					0.625663	NaN	NaN	NaN	NaN	0.963918784053	T258I(AA:1)	0	0	1	0	1	0	1
43	36	43	26					InF					0.671610	NaN	NaN	NaN	NaN	0.963918784053	V43A(AA:1);V43I(AA:1,CA:1)	0	1	2	0	3	0	3
261	247	261	260		Sa			InF					0.625663	NaN	NaN	NaN	NaN	0.963918784053	A261S(AA:1)	0	0	1	0	1	0	1
265	251	265	264					InF					0.625663	NaN	NaN	NaN	NaN	0.963918784053	L265I(AA:1)	0	0	1	0	1	0	1
267	253	267	266					InF					0.671610	NaN	NaN	NaN	NaN	0.963918784053	V267A(AA:1);V267I(AA:1,CA:1)	0	1	2	0	3	0	3
270	256	270	269		Cb			InF					0.948837	NaN	NaN	NaN	NaN	0.963918784053	Y270H(CA:1);Y270F(AA:1)	0	1	1	0	2	0	2
273	259	273	272		Cb			0.183517	0.044022	0.765037	0.033493	1.005557	0.106842	NaN	NaN	NaN	NaN	0.963918784053	T273I(AA:1);T273K(AA:1,AC:1);A273T(CC:1,AC:2)	3	0	2	1	2	4	6
274	260	274	273		Cb			1.852641	0.304904	11.256922	0.215827	15.902894	0.911397	NaN	NaN	NaN	NaN	0.963918784053	M274I(AA:1,CA:1);M274V(CC:1,AA:2,CA:1)	0	2	3	1	5	1	6
275	-	275	-					0.739167	0.098367	5.554385	0.066854	8.172599	0.671610	NaN	NaN	NaN	NaN	0.963918784053	E275K(CA:1);E275G(CC:1);K275E(AA:1)	0	1	1	1	2	1	3
276	261	276	-		Cb			0.553571	0.122962	2.492155	0.092183	3.324256	0.880895	NaN	NaN	NaN	NaN	0.963918784053	R276K(AA:2,CC:1,CA:1,AC:1)	1	1	2	1	3	2	5
277	262	277	274		Cb		1	0.368734	0.070986	1.915373	0.051779	2.625861	0.646975	NaN	NaN	NaN	NaN	0.963918784053	N277S(CC:2,AA:1);N277D(AA:1)	0	0	2	2	2	2	4
278	263	278	275		Cb			0.830769	0.307816	2.242177	0.254520	2.711678	0.995195	NaN	NaN	NaN	NaN	0.9951952	A278D(AA:1,AC:1);A278S(CC:1,AA:1);A278T(AA:2,CA:3,AC:1);A278V(AA:2,AC:1)	3	3	6	1	9	4	13
279	264	279	276		Cb			2.598123	0.446546	15.116573	0.318725	21.178889	0.584406	NaN	NaN	NaN	NaN	0.963918784053	G279E(AA:5,CC:1,CA:2)	0	2	5	1	7	1	8
280	265	280	277		Cb			InF					0.948837	NaN	NaN	NaN	NaN	0.963918784053	P280S(AA:1);S280F(AA:1)	0	0	2	0	2	0	2
283	268	283	280					2.598123	0.446546	15.116573	0.318725	21.178889	0.584406	NaN	NaN	NaN	NaN	0.963918784053	I283F(AA:2);I283V(AA:1,CA:1);F283I(AA:1,AC:1);V283I(AA:1,CA:1)	1	2	5	0	7	1	8
284	269	284	281				1	InF					0.625663	NaN	NaN	NaN	NaN	0.963918784053	I284V(AA:1)	0	0	1	0	1	0	1
286	271	286	283		H1C			0.245256	0.054477	1.104138	0.040841	1.472798	0.274669	NaN	NaN	NaN	NaN	0.963918784053	N286D(AA:1);D286G(AC:1);D286N(CC:2,AA:1)	1	0	2	2	2	3	5
287	272	287	284		H1C			0.368197	0.095804	1.415071	0.074032	1.831225	0.437800	NaN	NaN	NaN	NaN	0.963918784053	T287K(CC:1);T287A(AA:3,AC:2)	2	0	3	1	3	3	6
288	273	288	285		H1C		1	0.738723	0.177207	3.079519	0.134821	4.047684	0.911397	NaN	NaN	NaN	NaN	0.963918784053	P288S(AA:4,CC:1,AC:1)	1	0	4	1	4	2	6
289	274	289	286		H1C			0.986052	0.322532	3.014580	0.260398	3.733893	0.744534	NaN	NaN	NaN	NaN	0.963918784053	V289F(AC:2);V289A(AA:1,CA:1,AC:1);V289I(AA:4,CA:2)	3	3	5	0	8	3	11
290	275	290	287		H1C			0.368197	0.095804	1.415071	0.074032	1.831225	0.437800	NaN	NaN	NaN	NaN	0.963918784053	H290R(AA:1);H290Y(AC:1);H290N(CC:1,CA:1,AC:1);H290Q(CA:1)	2	2	1	1	3	3	6
291	276	291	288		H1C			0.367660	0.114467	1.180891	0.091547	1.476556	0.308101	NaN	NaN	NaN	NaN	0.963918784053	D291E(AA:1);D291G(AC:1);D291N(AA:3,CC:1,AC:2)	3	0	4	1	4	4	8
293	278	293	290		H1C	1		0					0.041206	NaN	NaN	NaN	NaN	0.963918784053	N293D(AC:1);D293N(CC:1);N293S(AC:1)	2	0	0	1	0	3	3
294	279	294	291		H1C	1	1	0.369270	0.035993	3.788552	0.023046	5.916894	0.948837	NaN	NaN	NaN	NaN	0.963918784053	T294A(CA:1,AC:1)	1	1	0	0	1	1	2
295	280	295	292		H1C	1		0					0.625663	NaN	NaN	NaN	NaN	0.963918784053	T295A(CC:1)	0	0	0	1	0	1	1
299	284	299	296					InF					0.625663	NaN	NaN	NaN	NaN	0.963918784053	P299S(AA:1)	0	0	1	0	1	0	1
300	285	300	297		H1C			0.737382	0.298075	1.824144	0.250611	2.169625	0.794595	NaN	NaN	NaN	NaN	0.963918784053	E300K(AA:3,CC:2,CA:2);K300E(AA:1);E300G(CC:2,AC:1);E300D(AA:3,CA:1)	1	3	7	4	10	5	15
302	287	302	299					0					0.625663	NaN	NaN	NaN	NaN	0.963918784053	A302S(CC:1)	0	0	0	1	0	1	1
303	288	303	300					InF					0.248322	NaN	NaN	NaN	NaN	0.963918784053	I303M(AA:2);I303V(AA:2,CA:1);V303I(AA:1)	0	1	5	0	6	0	6
304	289	304	301			1		0					0.625663	NaN	NaN	NaN	NaN	0.963918784053	N304K(AC:1)	1	0	0	0	0	1	1
305	290	305	302			1		InF					0.625663	NaN	NaN	NaN	NaN	0.963918784053	T305A(AA:1)	0	0	1	0	1	0	1
307	292	307	304					InF					0.625663	NaN	NaN	NaN	NaN	0.963918784053	L307F(AA:1)	0	0	1	0	1	0	1
310	295	310	307					InF					0.625663	NaN	NaN	NaN	NaN	0.963918784053	Q310R(AA:1)	0	0	1	0	1	0	1
311	296	311	308					InF					0.948837	NaN	NaN	NaN	NaN	0.963918784053	N311S(AA:2)	0	0	2	0	2	0	2
312	297	312	310					InF					0.625663	NaN	NaN	NaN	NaN	0.963918784053	I312V(AA:1)	0	0	1	0	1	0	1
564	548	564	565					0.184211	0.024514	1.384232	0.016661	2.036730	0.397800	NaN	NaN	NaN	NaN	0.963918784053	K564I(AA:1);I564V(CC:1,AC:1)	1	0	1	1	1	2	3
314	299	314	312					InF					0.671610	NaN	NaN	NaN	NaN	0.963918784053	P314Q(AA:1);P314S(AA:2)	0	0	3	0	3	0	3
315	300	315	313					0.739167	0.098367	5.554385	0.066854	8.172599	0.671610	NaN	NaN	NaN	NaN	0.963918784053	I315V(AA:1);I315T(AA:1,CC:1)	0	0	2	1	2	1	3
319	304	319	317					0.739167	0.098367	5.554385	0.066854	8.172599	0.671610	NaN	NaN	NaN	NaN	0.963918784053	N319K(AC:1);K319T(AA:1);K319N(CA:1)	1	1	1	0	2	1	3
322	307	322	320					InF					0.625663	NaN	NaN	NaN	NaN	0.963918784053	K322N(AA:1)	0	0	1	0	1	0	1
323	308	323	321					InF					0.948837	NaN	NaN	NaN	NaN	0.963918784053	Y323F(AA:2)	0	0	2	0	2	0	2
325	310	325	323					1.852641	0.304904	11.256922	0.215827	15.902894	0.911397	NaN	NaN	NaN	NaN	0.963918784053	K325E(AA:1);E325K(CC:1,CA:4)	0	4	1	1	5	1	6
326	311	326	324					0					0.625663	NaN	NaN	NaN	NaN	0.963918784053	S326G(AC:1)	1	0	0	0	0	1	1
327	312	327	-				1	2.225064	0.375531	13.183774	0.267105	18.535447	0.733351	NaN	NaN	NaN	NaN	0.963918784053	T327K(AA:1);T327I(AA:2,AC:1);I327T(AA:2);T327A(AA:1)	1	0	6	0	6	1	7
328	313	328	325					InF					0.948837	NaN	NaN	NaN	NaN	0.963918784053	K328E(AA:2)	0	0	2	0	2	0	2
332	317	332	329					0.183517	0.044022	0.765037	0.033493	1.005557	0.106842	NaN	NaN	NaN	NaN	0.963918784053	A332V(CC:2,CA:2,AC:1);V332A(AC:1)	2	2	0	2	2	4	6
338	323	338	335					2.419383	0.691167	8.468883	0.543738	10.765139	0.341519	NaN	NaN	NaN	NaN	0.963918784053	I338V(AA:2,AC:1);A338V(AA:4);V338I(AA:6,CC:1);V338A(CA:1)	1	1	12	1	13	2	15
339	324	339	336					InF					0.948837	NaN	NaN	NaN	NaN	0.963918784053	P339L(AA:2)	0	0	2	0	2	0	2
340	325	340	337					InF					0.625663	NaN	NaN	NaN	NaN	0.963918784053	S340F(AA:1)	0	0	1	0	1	0	1
341	326	341	341					0.739167	0.098367	5.554385	0.066854	8.172599	0.671610	NaN	NaN	NaN	NaN	0.963918784053	I341V(AA:2,AC:1)	1	0	2	0	2	1	3
313	298	313	311					InF					0.625663	NaN	NaN	NaN	NaN	0.963918784053	H313N(CA:1)	0	1	0	0	1	0	1
346	331	346	346					0					0.625663	NaN	NaN	NaN	NaN	0.963918784053	L346I(CC:1)	0	0	0	1	0	1	1
347	332	347	347					InF					0.948837	NaN	NaN	NaN	NaN	0.963918784053	F347L(AA:2)	0	0	2	0	2	0	2
349	334	349	349					InF					0.625663	NaN	NaN	NaN	NaN	0.963918784053	A349S(AA:1)	0	0	1	0	1	0	1
350	335	350	350					InF					0.625663	NaN	NaN	NaN	NaN	0.963918784053	I350V(AA:1)	0	0	1	0	1	0	1
485	470	485	485					InF					0.671610	NaN	NaN	NaN	NaN	0.963918784053	Y485H(AA:1,CA:1);Y485N(AA:1)	0	1	2	0	3	0	3
355	340	355	355					InF					0.625663	NaN	NaN	NaN	NaN	0.963918784053	E355D(AA:1)	0	0	1	0	1	0	1
142	129	142	133		Sa		1	InF					0.671610	NaN	NaN	NaN	NaN	0.963918784053	S142N(AA:1);N142D(AA:1);N142S(AA:1)	0	0	3	0	3	0	3
362	347	362	362					1.852641	0.304904	11.256922	0.215827	15.902894	0.911397	NaN	NaN	NaN	NaN	0.963918784053	L362V(AA:4);V362I(AC:1);V362L(AA:1)	1	0	5	0	5	1	6
363	348	363	363					InF					0.948837	NaN	NaN	NaN	NaN	0.963918784053	D363Y(AA:1);D363E(AA:1)	0	0	2	0	2	0	2
368	353	368	368					0.369270	0.035993	3.788552	0.023046	5.916894	0.948837	NaN	NaN	NaN	NaN	0.963918784053	Y368F(AA:1,AC:1)	1	0	1	0	1	1	2
369	354	369	369					0.245256	0.054477	1.104138	0.040841	1.472798	0.274669	NaN	NaN	NaN	NaN	0.963918784053	H369Y(AA:1);H369R(AC:1,CA:1);H369N(AC:2)	3	1	1	0	2	3	5
370	355	370	370					InF					0.625663	NaN	NaN	NaN	NaN	0.963918784053	H370L(AA:1)	0	0	1	0	1	0	1
371	356	371	371					0.369270	0.035993	3.788552	0.023046	5.916894	0.948837	NaN	NaN	NaN	NaN	0.963918784053	Q371K(AA:1);Q371R(AC:1)	1	0	1	0	1	1	2
373	358	373	373					InF					0.671610	NaN	NaN	NaN	NaN	0.963918784053	E373G(AA:1,CA:1);E373D(AA:1)	0	1	2	0	3	0	3
376	361	376	376					InF					0.625663	NaN	NaN	NaN	NaN	0.963918784053	S376T(AA:1)	0	0	1	0	1	0	1
378	363	378	378					0.369270	0.035993	3.788552	0.023046	5.916894	0.948837	NaN	NaN	NaN	NaN	0.963918784053	Y378H(AA:1,AC:1)	1	0	1	0	1	1	2
382	367	382	382					0.614708	0.184243	2.050912	0.146281	2.583148	0.789057	NaN	NaN	NaN	NaN	0.963918784053	L382Q(CC:2,CA:1);Q382L(CC:1,CA:4)	0	5	0	3	5	3	8
383	368	383	383					0.739167	0.098367	5.554385	0.066854	8.172599	0.671610	NaN	NaN	NaN	NaN	0.963918784053	K383E(AA:1);K383R(CC:1,AA:1)	0	0	2	1	2	1	3
387	372	387	387					InF					0.948837	NaN	NaN	NaN	NaN	0.963918784053	N387D(AA:1);N387S(AA:1)	0	0	2	0	2	0	2
388	373	388	388					0					0.041206	NaN	NaN	NaN	NaN	0.963918784053	A388V(CC:1,AC:2)	2	0	0	1	0	3	3
389	374	389	389					0.245256	0.054477	1.104138	0.040841	1.472798	0.274669	NaN	NaN	NaN	NaN	0.963918784053	I389V(AA:2,AC:2);I389N(AC:1)	3	0	2	0	2	3	5
390	375	390	390					InF					0.948837	NaN	NaN	NaN	NaN	0.963918784053	D390N(AA:2)	0	0	2	0	2	0	2
391	376	391	391					0					0.625663	NaN	NaN	NaN	NaN	0.963918784053	K391R(CC:1)	0	0	0	1	0	1	1
395	380	395	395					InF					0.625663	NaN	NaN	NaN	NaN	0.963918784053	K395R(AA:1)	0	0	1	0	1	0	1
396	381	396	396					0.739167	0.098367	5.554385	0.066854	8.172599	0.671610	NaN	NaN	NaN	NaN	0.963918784053	V396I(AA:1);A396V(CA:1);V396A(AC:1)	1	1	1	0	2	1	3
399	384	399	399					0.369270	0.035993	3.788552	0.023046	5.916894	0.948837	NaN	NaN	NaN	NaN	0.963918784053	V399I(CA:1);V399A(CC:1)	0	1	0	1	1	1	2
400	385	400	400					InF					0.625663	NaN	NaN	NaN	NaN	0.963918784053	I400V(CA:1)	0	1	0	0	1	0	1
401	386	401	401					InF					0.671610	NaN	NaN	NaN	NaN	0.963918784053	E401G(AA:1);E401D(AA:2)	0	0	3	0	3	0	3
405	390	405	405					0.369270	0.035993	3.788552	0.023046	5.916894	0.948837	NaN	NaN	NaN	NaN	0.963918784053	T405A(AC:1);T405I(AA:1)	1	0	1	0	1	1	2
406	391	406	406					InF					0.625663	NaN	NaN	NaN	NaN	0.963918784053	H406Q(AA:1)	0	0	1	0	1	0	1
408	393	408	408					0.739167	0.098367	5.554385	0.066854	8.172599	0.671610	NaN	NaN	NaN	NaN	0.963918784053	I408T(CA:1);T408I(CC:1,AA:1)	0	1	1	1	2	1	3
409	394	409	409					InF					0.625663	NaN	NaN	NaN	NaN	0.963918784053	A409S(AA:1)	0	0	1	0	1	0	1
542	527	542	543					1.109694	0.165689	7.432100	0.115118	10.697054	0.646975	NaN	NaN	NaN	NaN	0.963918784053	V542I(AA:3,AC:1)	1	0	3	0	3	1	4
411	396	411	411					InF					0.671610	NaN	NaN	NaN	NaN	0.963918784053	G411S(AA:2);G411D(AA:1)	0	0	3	0	3	0	3
412	397	412	412					InF					0.625663	NaN	NaN	NaN	NaN	0.963918784053	K412T(AA:1)	0	0	1	0	1	0	1
410	395	410	410					0.739167	0.098367	5.554385	0.066854	8.172599	0.671610	NaN	NaN	NaN	NaN	0.963918784053	V410A(CA:1);V410M(AC:1);I410V(AA:1)	1	1	1	0	2	1	3
415	400	415	415					0					0.157655	NaN	NaN	NaN	NaN	0.963918784053	N415I(AC:1);N415D(AC:1)	2	0	0	0	0	2	2
416	401	416	416					InF					0.625663	NaN	NaN	NaN	NaN	0.963918784053	Q416H(CA:1)	0	1	0	0	1	0	1
418	403	418	418					0.369270	0.035993	3.788552	0.023046	5.916894	0.948837	NaN	NaN	NaN	NaN	0.963918784053	E418D(AA:1,AC:1)	1	0	1	0	1	1	2
420	405	420	420					InF					0.948837	NaN	NaN	NaN	NaN	0.963918784053	R420S(AA:1);R420G(AA:1)	0	0	2	0	2	0	2
421	406	421	421					0.369270	0.035993	3.788552	0.023046	5.916894	0.948837	NaN	NaN	NaN	NaN	0.963918784053	I421M(AA:1);I421L(AC:1)	1	0	1	0	1	1	2
555	539	555	556					0					0.625663	NaN	NaN	NaN	NaN	0.963918784053	C555F(AC:1)	1	0	0	0	0	1	1
31	24	31	14					InF					0.948837	NaN	NaN	NaN	NaN	0.963918784053	D31E(AA:2)	0	0	2	0	2	0	2
426	411	426	426					InF					0.625663	NaN	NaN	NaN	NaN	0.963918784053	K426R(AA:1)	0	0	1	0	1	0	1
428	413	428	428					InF					0.625663	NaN	NaN	NaN	NaN	0.963918784053	V428I(CA:1)	0	1	0	0	1	0	1
429	414	429	429					InF					0.625663	NaN	NaN	NaN	NaN	0.963918784053	D429G(AA:1)	0	0	1	0	1	0	1
563	547	563	564					2.598123	0.446546	15.116573	0.318725	21.178889	0.584406	NaN	NaN	NaN	NaN	0.963918784053	K563R(AA:7,AC:1)	1	0	7	0	7	1	8
73	65	73	61					0					0.625663	NaN	NaN	NaN	NaN	0.963918784053	N73S(CC:1)	0	0	0	1	0	1	1
443	428	443	443					InF					0.625663	NaN	NaN	NaN	NaN	0.963918784053	L443F(AA:1)	0	0	1	0	1	0	1
444	429	444	444					InF					0.671610	NaN	NaN	NaN	NaN	0.963918784053	V444I(AA:2,CA:1)	0	1	2	0	3	0	3
450	435	450	450					InF					0.948837	NaN	NaN	NaN	NaN	0.963918784053	R450K(AA:2)	0	0	2	0	2	0	2
451	436	451	451					0.305224	0.112240	0.830021	0.092673	1.005276	0.104445	NaN	NaN	NaN	NaN	0.963918784053	T451N(AA:1,CA:1);I451T(CC:1,CA:2);A451T(AC:1);N451T(AC:1);T451I(CC:3,AA:1)	2	3	2	4	5	6	11
453	438	453	453					0.369270	0.035993	3.788552	0.023046	5.916894	0.948837	NaN	NaN	NaN	NaN	0.963918784053	D453E(AC:1);D453N(AA:1)	1	0	1	0	1	1	2
456	441	456	456					InF					0.248322	NaN	NaN	NaN	NaN	0.963918784053	D456N(AA:4);D456V(AA:1);D456E(AA:1)	0	0	6	0	6	0	6
459	444	459	459					1.109694	0.165689	7.432100	0.115118	10.697054	0.646975	NaN	NaN	NaN	NaN	0.963918784053	V459M(AA:2,AC:1,CA:1)	1	1	2	0	3	1	4
460	445	460	460					InF					0.948837	NaN	NaN	NaN	NaN	0.963918784053	K460E(AA:1);Q460K(CA:1)	0	1	1	0	2	0	2
461	446	461	461					0.219898	0.065908	0.733676	0.052328	0.924075	0.081236	NaN	NaN	NaN	NaN	0.963918784053	N461S(AC:4);S461N(CA:1);N461D(AA:1);N461K(AA:1,AC:1)	5	1	2	0	3	5	8
463	448	463	463					0.739167	0.098367	5.554385	0.066854	8.172599	0.671610	NaN	NaN	NaN	NaN	0.963918784053	H463Y(AA:1);Y463H(AA:1,AC:1)	1	0	2	0	2	1	3
115	105	115	101					0					0.625663	NaN	NaN	NaN	NaN	0.963918784053	Y115C(AC:1)	1	0	0	0	0	1	1
466	451	466	466					0.368734	0.070986	1.915373	0.051779	2.625861	0.646975	NaN	NaN	NaN	NaN	0.963918784053	V466I(AA:1,CC:1,CA:1,AC:1)	1	1	1	1	2	2	4
468	453	468	468					0.367660	0.114467	1.180891	0.091547	1.476556	0.308101	NaN	NaN	NaN	NaN	0.963918784053	N468K(AA:2);N468S(CC:1,AC:1);N468T(CC:1,AA:1,CA:1,AC:1)	2	1	3	2	4	4	8
469	454	469	469					0					0.625663	NaN	NaN	NaN	NaN	0.963918784053	Q469R(CC:1)	0	0	0	1	0	1	1
471	456	471	471					0.245256	0.054477	1.104138	0.040841	1.472798	0.274669	NaN	NaN	NaN	NaN	0.963918784053	K471N(AA:1);R471K(AC:2);K471R(AA:1,AC:1)	3	0	2	0	2	3	5
472	457	472	472					0.553571	0.122962	2.492155	0.092183	3.324256	0.880895	NaN	NaN	NaN	NaN	0.963918784053	N472R(AC:1);N472S(AA:1);N472D(CC:1);N472T(AA:1,CA:1)	1	1	2	1	3	2	5
527	512	527	528					0.091681	0.014539	0.578134	0.010218	0.822568	0.045068	NaN	NaN	NaN	NaN	0.963918784053	I527T(AA:1);I527V(CC:1,AC:3)	3	0	1	1	1	4	5
475	460	475	475					2.598123	0.446546	15.116573	0.318725	21.178889	0.584406	NaN	NaN	NaN	NaN	0.963918784053	K475R(AC:1);E475K(AA:2);K475M(AA:4);K475E(AA:1)	1	0	7	0	7	1	8
477	462	477	477					0.738723	0.177207	3.079519	0.134821	4.047684	0.911397	NaN	NaN	NaN	NaN	0.963918784053	T477I(AA:1);V477I(AC:1);I477T(AA:3,AC:1)	2	0	4	0	4	2	6
479	464	479	479					InF					0.625663	NaN	NaN	NaN	NaN	0.963918784053	N479K(AA:1)	0	0	1	0	1	0	1
480	465	480	480					0					0.625663	NaN	NaN	NaN	NaN	0.963918784053	G480S(AC:1)	1	0	0	0	0	1	1
422	407	422	422					0					0.625663	NaN	NaN	NaN	NaN	0.963918784053	E422D(AC:1)	1	0	0	0	0	1	1
487	472	487	487					InF					0.625663	NaN	NaN	NaN	NaN	0.963918784053	K487R(AA:1)	0	0	1	0	1	0	1
488	473	488	488					InF					0.625663	NaN	NaN	NaN	NaN	0.963918784053	C488W(AA:1)	0	0	1	0	1	0	1
489	474	489	489			1	1	0.739167	0.098367	5.554385	0.066854	8.172599	0.671610	NaN	NaN	NaN	NaN	0.963918784053	D489N(AA:1,CA:1,AC:1)	1	1	1	0	2	1	3
490	475	490	490					0.245256	0.054477	1.104138	0.040841	1.472798	0.274669	NaN	NaN	NaN	NaN	0.963918784053	N490D(CC:2,AA:1,AC:1);D490N(AA:1)	1	0	2	2	2	3	5
491	476	491	491				1	3.346154	0.589412	18.996463	0.422680	26.489881	0.362831	NaN	NaN	NaN	NaN	0.963918784053	T491K(AA:2,CA:1);T491M(AA:5,AC:1,CA:1)	1	2	7	0	9	1	10
493	478	493	493					0					0.625663	NaN	NaN	NaN	NaN	0.963918784053	M493I(AC:1)	1	0	0	0	0	1	1
494	479	494	494					0					0.625663	NaN	NaN	NaN	NaN	0.963918784053	E494K(CC:1)	0	0	0	1	0	1	1
495	480	495	495					InF					0.671610	NaN	NaN	NaN	NaN	0.963918784053	S495N(AA:1,CA:1);S495G(AA:1)	0	1	2	0	3	0	3
496	481	496	496					0					0.625663	NaN	NaN	NaN	NaN	0.963918784053	V496I(CC:1)	0	0	0	1	0	1	1
499	484	499	499			1		1.480851	0.234837	9.338062	0.165053	13.286160	0.880895	NaN	NaN	NaN	NaN	0.963918784053	G499E(AA:4,CC:1)	0	0	4	1	4	1	5
500	485	500	500			1		0					0.625663	NaN	NaN	NaN	NaN	0.963918784053	T500S(CC:1)	0	0	0	1	0	1	1
502	487	502	502					0.738723	0.177207	3.079519	0.134821	4.047684	0.911397	NaN	NaN	NaN	NaN	0.963918784053	D502E(AA:1,AC:1);D502N(AA:2,AC:1);D502G(AA:1)	2	0	4	0	4	2	6
85	77	85	73					InF					0.671610	NaN	NaN	NaN	NaN	0.963918784053	E85D(AA:1);E85G(AA:2)	0	0	3	0	3	0	3
504	489	504	504					InF					0.671610	NaN	NaN	NaN	NaN	0.963918784053	P504S(AA:1,CA:2)	0	2	1	0	3	0	3
505	490	505	505					0.184211	0.024514	1.384232	0.016661	2.036730	0.397800	NaN	NaN	NaN	NaN	0.963918784053	K505R(AC:1);R505K(CA:1);K505I(AC:1)	2	1	0	0	1	2	3
529	514	529	530					InF					0.625663	NaN	NaN	NaN	NaN	0.963918784053	Q529K(AA:1)	0	0	1	0	1	0	1
507	492	507	507					InF					0.625663	NaN	NaN	NaN	NaN	0.963918784053	S507T(AA:1)	0	0	1	0	1	0	1
508	493	508	508					0.588898	0.229497	1.511135	0.191605	1.809976	0.544841	NaN	NaN	NaN	NaN	0.963918784053	E508K(CC:2,AC:1);G508E(AC:1,CA:1);K508E(AA:6,AC:1);E508D(AA:1)	3	1	7	2	8	5	13
510	495	510	510					0.738723	0.177207	3.079519	0.134821	4.047684	0.911397	NaN	NaN	NaN	NaN	0.963918784053	A510V(AA:1);A510S(AA:2,CA:1,AC:2)	2	1	3	0	4	2	6
511	496	511	-					InF					0.948837	NaN	NaN	NaN	NaN	0.963918784053	K511T(CA:1);K511R(AA:1)	0	1	1	0	2	0	2
