abs_pos	ref(H3)	ref(H1)	ref(B73)	RBS	AS	GS	PS	OR_uMLE	wald_MLE_CI90L	wald_MLE_CI90R	wald_MLE_CI95L	wald_MLE_CI95R	p-value	ss_CI90L	ss_CI90R	ss_CI95L	ss_CI95R	q-value	Mutations(H1)	AC	CA	AA	CC	End-in-Adult	End-in-Child	Total
512	497	512	511					0					0.566226	NaN	NaN	NaN	NaN	0.9612507	V512L(CC:1)	0	0	0	1	0	1	1
513	498	513	512				1	0.307136	0.029924	3.152365	0.019159	4.923689	0.961251	NaN	NaN	NaN	NaN	0.9612507	N513K(CA:1,AC:1)	1	1	0	0	1	1	2
2	-	2	-					0.614828	0.081782	4.622213	0.055577	6.801631	0.770465	NaN	NaN	NaN	NaN	0.9612507	K2R(AA:1);K2T(AA:1);K2E(CC:1)	0	0	2	1	2	1	3
3	-	3	-					1.231884	0.195255	7.772086	0.137220	11.059179	0.739896	NaN	NaN	NaN	NaN	0.9612507	A3V(AA:1);A3E(CC:1);A3T(AA:2,CA:1)	0	1	3	1	4	1	5
4	-	4	-					0.614828	0.081782	4.622213	0.055577	6.801631	0.770465	NaN	NaN	NaN	NaN	0.9612507	I4V(CC:1);I4T(AA:1);I4M(CA:1)	0	1	1	1	2	1	3
5	-	5	-					InF					0.566226	NaN	NaN	NaN	NaN	0.9612507	L5V(CA:1)	0	1	0	0	1	0	1
6	-	6	-					0.819394	0.267791	2.507206	0.216167	3.105960	0.949348	NaN	NaN	NaN	NaN	0.9612507	V6L(CC:1,AA:1,AC:1);V6A(AA:1,CA:2,AC:1);V6I(AA:4)	2	2	6	1	8	3	11
7	-	7	-					0.152351	0.036522	0.635537	0.027782	0.835450	0.067808	NaN	NaN	NaN	NaN	0.9612507	V7G(AC:1);G7V(CC:1,CA:1);V7I(AA:1,AC:2)	3	1	1	1	2	4	6
8	-	8	-					InF					0.961251	NaN	NaN	NaN	NaN	0.9612507	M8L(AA:1,CA:1)	0	1	1	0	2	0	2
10	-	10	-					0.460181	0.102154	2.073020	0.076574	2.765510	0.739896	NaN	NaN	NaN	NaN	0.9612507	H10N(AA:1);C10Y(CA:1);Y10H(CC:2,AA:1)	0	1	2	2	3	2	5
11	-	11	-					InF					0.961251	NaN	NaN	NaN	NaN	0.9612507	T11P(AA:1);T11I(CA:1)	0	1	1	0	2	0	2
12	-	12	-					2.472727	0.430655	14.197855	0.308163	19.841388	0.612627	NaN	NaN	NaN	NaN	0.9612507	S12C(CA:1);S12F(AC:1);F12Y(AA:1);L12F(AA:1);F12L(AA:4,CA:1)	1	2	6	0	8	1	9
13	-	13	-					InF					0.327337	NaN	NaN	NaN	NaN	0.9612507	T13K(AA:1);A13V(AA:1);A13T(AA:3,CA:1)	0	1	5	0	6	0	6
14	-	14	-					0.768359	0.193285	3.054432	0.148397	3.978347	0.894181	NaN	NaN	NaN	NaN	0.9612507	T14A(AA:1,CA:1);T14I(CC:1,AA:1,AC:1,CA:1);T14P(CA:1)	1	3	2	1	5	2	7
15	-	15	-					0.922868	0.239959	3.549289	0.185403	4.593704	0.742795	NaN	NaN	NaN	NaN	0.9612507	A15T(AA:5,AC:2);A15V(CA:1)	2	1	5	0	6	2	8
16	-	16	-					0.613430	0.190831	1.971885	0.152595	2.465977	0.767694	NaN	NaN	NaN	NaN	0.9612507	T16N(AA:1);N16K(CC:1,AA:1,AC:1);N16S(AA:2,CC:1,CA:1);N16D(AA:1)	1	1	5	2	6	3	9
17	-	17	-					0.307136	0.029924	3.152365	0.019159	4.923689	0.961251	NaN	NaN	NaN	NaN	0.9612507	A17T(AC:1);A17S(CA:1)	1	1	0	0	1	1	2
530	515	530	531					InF					0.961251	NaN	NaN	NaN	NaN	0.9612507	I530V(AA:1);I530S(AA:1)	0	0	2	0	2	0	2
19	12	19	2					0.307136	0.029924	3.152365	0.019159	4.923689	0.961251	NaN	NaN	NaN	NaN	0.9612507	T19I(AA:1,AC:1)	1	0	1	0	1	1	2
532	517	532	533					InF					0.566226	NaN	NaN	NaN	NaN	0.9612507	A532T(CA:1)	0	1	0	0	1	0	1
22	15	22	5					InF					0.961251	NaN	NaN	NaN	NaN	0.9612507	I22V(AA:1);I22T(AA:1)	0	0	2	0	2	0	2
24	17	24	7					InF					0.566226	NaN	NaN	NaN	NaN	0.9612507	Y24H(AA:1)	0	0	1	0	1	0	1
537	522	537	538					1.232727	0.334451	4.543621	0.260523	5.832941	0.913247	NaN	NaN	NaN	NaN	0.9612507	V537A(AA:7);V537I(AA:1,AC:2)	2	0	8	0	8	2	10
26	19	26	9					InF					0.566226	NaN	NaN	NaN	NaN	0.9612507	A26T(AA:1)	0	0	1	0	1	0	1
541	526	541	542					0					0.028278	NaN	NaN	NaN	NaN	0.9612507	L541F(CC:2,AC:1)	1	0	0	2	0	3	3
30	23	30	13					0					0.566226	NaN	NaN	NaN	NaN	0.9612507	T30S(AC:1)	1	0	0	0	0	1	1
543	528	543	544					InF					0.327337	NaN	NaN	NaN	NaN	0.9612507	L543M(AA:2,CA:2);L543K(AA:1);M543L(AA:1)	0	2	4	0	6	0	6
32	25	32	15					0.923077	0.137757	6.185311	0.095702	8.903391	0.576728	NaN	NaN	NaN	NaN	0.9612507	T32I(AA:1);T32S(AA:1);I32T(AA:1,AC:1)	1	0	3	0	3	1	4
36	29	36	19					1.851180	0.312263	10.974281	0.222082	15.430623	0.894181	NaN	NaN	NaN	NaN	0.9612507	V36I(AA:6,AC:1)	1	0	6	0	6	1	7
518	503	518	517					InF					0.576728	NaN	NaN	NaN	NaN	0.9612507	D518N(AA:2);N518D(AA:1);D518Y(AA:1)	0	0	4	0	4	0	4
38	31	38	21					InF					0.566226	NaN	NaN	NaN	NaN	0.9612507	E38K(AA:1)	0	0	1	0	1	0	1
39	32	39	22					InF					0.770465	NaN	NaN	NaN	NaN	0.9612507	K39R(AA:2,CA:1)	0	1	2	0	3	0	3
552	536	552	553					0					0.566226	NaN	NaN	NaN	NaN	0.9612507	F552L(AC:1)	1	0	0	0	0	1	1
519	504	519	518					0.614828	0.081782	4.622213	0.055577	6.801631	0.770465	NaN	NaN	NaN	NaN	0.9612507	E519G(AC:1);G519E(AA:2)	1	0	2	0	2	1	3
556	540	556	557					InF					0.566226	NaN	NaN	NaN	NaN	0.9612507	S556Y(AA:1)	0	0	1	0	1	0	1
45	38	45	28					InF					0.566226	NaN	NaN	NaN	NaN	0.9612507	H45R(CA:1)	0	1	0	0	1	0	1
47	40	47	30					0.101777	0.015189	0.681987	0.010552	0.981683	0.096919	NaN	NaN	NaN	NaN	0.9612507	V47I(AA:1,AC:1);V47A(CC:2)	1	0	1	2	1	3	4
48	41	48	31					InF					0.566226	NaN	NaN	NaN	NaN	0.9612507	N48D(AA:1)	0	0	1	0	1	0	1
563	547	563	564					0.614828	0.081782	4.622213	0.055577	6.801631	0.770465	NaN	NaN	NaN	NaN	0.9612507	K563R(AA:1);R563K(AA:1,AC:1)	1	0	2	0	2	1	3
52	45	52	35				1	2.784349	0.490186	15.815633	0.351486	22.056624	0.502212	NaN	NaN	NaN	NaN	0.9612507	D52G(AA:2,AC:1);D52N(AA:3);D52E(AA:1);N52T(AA:1);D52Y(AA:1,CA:1)	1	1	8	0	9	1	10
53	46	53	36					0.408213	0.115728	1.439905	0.090909	1.833007	0.467956	NaN	NaN	NaN	NaN	0.9612507	K53R(AA:1,AC:2);K53E(AA:1,CC:1);K53N(AA:2)	2	0	4	1	4	3	7
55	48	55	38				1	InF					0.566226	NaN	NaN	NaN	NaN	0.9612507	N55D(AA:1)	0	0	1	0	1	0	1
56	49	56	39					0.614130	0.147222	2.561828	0.111993	3.367664	0.932843	NaN	NaN	NaN	NaN	0.9612507	G56E(AC:1);G56R(AA:4,AC:1)	2	0	4	0	4	2	6
57	50	57	40					InF					0.566226	NaN	NaN	NaN	NaN	0.9612507	K57R(AA:1)	0	0	1	0	1	0	1
61	54	61	44					0.614828	0.081782	4.622213	0.055577	6.801631	0.770465	NaN	NaN	NaN	NaN	0.9612507	L61I(AA:2,AC:1)	1	0	2	0	2	1	3
62	-	62	50					1.388080	0.382094	5.042651	0.298462	6.455646	0.949348	NaN	NaN	NaN	NaN	0.9612507	R62K(AA:6,AC:2,CA:1);K62R(AA:1);I62R(AA:1)	2	1	8	0	9	2	11
64	56	64	52		Cb			InF					0.433836	NaN	NaN	NaN	NaN	0.9612507	V64L(AA:1);V64G(AA:1);V64I(AA:2,CA:1)	0	1	4	0	5	0	5
65	57	65	53					2.472727	0.430655	14.197855	0.308163	19.841388	0.612627	NaN	NaN	NaN	NaN	0.9612507	A65S(AA:3,CC:1,CA:1);A65P(AA:1);A65T(AA:1,CA:1);A65D(AA:1)	0	2	6	1	8	1	9
523	508	523	522					InF					0.566226	NaN	NaN	NaN	NaN	0.9612507	E523D(AA:1)	0	0	1	0	1	0	1
68	60	68	56					0.923077	0.137757	6.185311	0.095702	8.903391	0.576728	NaN	NaN	NaN	NaN	0.9612507	H68Q(AA:1);H68N(AA:1,AC:1);H68Y(AA:1)	1	0	3	0	3	1	4
71	63	71	59					InF					0.327337	NaN	NaN	NaN	NaN	0.9612507	K71N(AA:1);K71R(AA:2,CA:3)	0	3	3	0	6	0	6
524	509	524	523					0.307136	0.029924	3.152365	0.019159	4.923689	0.961251	NaN	NaN	NaN	NaN	0.9612507	S524P(AC:1,CA:1)	1	1	0	0	1	1	2
525	510	525	524				1	InF					0.961251	NaN	NaN	NaN	NaN	0.9612507	T525A(AA:2)	0	0	2	0	2	0	2
83	75	83	71					0					0.566226	NaN	NaN	NaN	NaN	0.9612507	E83K(AC:1)	1	0	0	0	0	1	1
526	511	526	525					0.101777	0.015189	0.681987	0.010552	0.981683	0.096919	NaN	NaN	NaN	NaN	0.9612507	R526K(AA:1,AC:2);G526R(AC:1)	3	0	1	0	1	3	4
86	78	86	74					0.614130	0.147222	2.561828	0.111993	3.367664	0.932843	NaN	NaN	NaN	NaN	0.9612507	P86T(AC:1);S86P(AA:3,CC:1);P86S(AA:1)	1	0	4	1	4	2	6
87	79	87	75		Cb			InF					0.576728	NaN	NaN	NaN	NaN	0.9612507	L87F(AA:1,CA:2);L87V(AA:1)	0	2	2	0	4	0	4
88	80	88	76		Cb			InF					0.770465	NaN	NaN	NaN	NaN	0.9612507	S88F(AA:1);S88P(AA:2)	0	0	3	0	3	0	3
89	81	89	77					0.923077	0.137757	6.185311	0.095702	8.903391	0.576728	NaN	NaN	NaN	NaN	0.9612507	T89A(AC:1);T89I(AA:1);T89M(AA:2)	1	0	3	0	3	1	4
90	-	90	78					0.923077	0.137757	6.185311	0.095702	8.903391	0.576728	NaN	NaN	NaN	NaN	0.9612507	T90A(AA:2);A90T(AA:1);A90S(AC:1)	1	0	3	0	3	1	4
91	82	91	79		Cb			0.614828	0.081782	4.622213	0.055577	6.801631	0.770465	NaN	NaN	NaN	NaN	0.9612507	S91G(AA:1);S91T(AC:1);S91R(AA:1)	1	0	2	0	2	1	3
92	83	92	80		Cb			InF					0.566226	NaN	NaN	NaN	NaN	0.9612507	S92T(CA:1)	0	1	0	0	1	0	1
471	456	471	471					0.203737	0.045226	0.917800	0.033902	1.224392	0.198879	NaN	NaN	NaN	NaN	0.9612507	K471N(AA:1);R471K(AC:2);K471R(AA:1,AC:1)	3	0	2	0	2	3	5
97	88	97	85					InF					0.566226	NaN	NaN	NaN	NaN	0.9612507	V97I(AA:1)	0	0	1	0	1	0	1
99	90	99	87		H1C			InF					0.961251	NaN	NaN	NaN	NaN	0.9612507	T99P(AA:1);T99A(AA:1)	0	0	2	0	2	0	2
100	91	100	88					0.408213	0.115728	1.439905	0.090909	1.833007	0.467956	NaN	NaN	NaN	NaN	0.9612507	S100F(AA:1,AC:1);S100Y(AA:1);S100P(AA:2,AC:2)	3	0	4	0	4	3	7
101	92	101	89					4.036530	0.729961	22.321151	0.526113	30.969726	0.216619	NaN	NaN	NaN	NaN	0.9612507	S101T(CA:1);D101G(CA:1);S101N(AA:4);S101I(AA:3);S101G(AA:2,CA:1);S101D(AC:1);G101S(AA:1)	1	3	10	0	13	1	14
103	94	103	91					0.460181	0.102154	2.073020	0.076574	2.765510	0.739896	NaN	NaN	NaN	NaN	0.9612507	D103G(AC:1);D103N(AA:1,CA:2,AC:1)	2	2	1	0	3	2	5
113	103	113	99				1	InF					0.961251	NaN	NaN	NaN	NaN	0.9612507	I113V(AA:2)	0	0	2	0	2	0	2
114	104	114	100					0					0.566226	NaN	NaN	NaN	NaN	0.9612507	N114D(AC:1)	1	0	0	0	0	1	1
115	105	115	101					0					0.566226	NaN	NaN	NaN	NaN	0.9612507	Y115C(AC:1)	1	0	0	0	0	1	1
123	110	123	109					InF					0.566226	NaN	NaN	NaN	NaN	0.9612507	S123N(AA:1)	0	0	1	0	1	0	1
125	112	125	111					0.307136	0.029924	3.152365	0.019159	4.923689	0.961251	NaN	NaN	NaN	NaN	0.9612507	V125M(AA:1,AC:1)	1	0	1	0	1	1	2
128	115	128	114					InF					0.961251	NaN	NaN	NaN	NaN	0.9612507	F128L(AA:2)	0	0	2	0	2	0	2
129	116	129	115					0.923077	0.137757	6.185311	0.095702	8.903391	0.576728	NaN	NaN	NaN	NaN	0.9612507	E129K(AA:3,AC:1)	1	0	3	0	3	1	4
130	117	130	116		Cb			InF					0.187367	NaN	NaN	NaN	NaN	0.9612507	R130K(AA:2,CA:1);K130R(AA:4,CA:1)	0	2	6	0	8	0	8
133	120	133	119					0.460181	0.102154	2.073020	0.076574	2.765510	0.739896	NaN	NaN	NaN	NaN	0.9612507	I133M(AA:3,CC:2)	0	0	3	2	3	2	5
135	122	135	121					InF					0.961251	NaN	NaN	NaN	NaN	0.9612507	P135S(AA:2)	0	0	2	0	2	0	2
136	123	136	122			1	1	InF					0.576728	NaN	NaN	NaN	NaN	0.9612507	K136R(AA:1);K136E(CA:1);K136N(AA:1);K136M(AA:1)	0	1	3	0	4	0	4
137	124	137	128					InF					0.576728	NaN	NaN	NaN	NaN	0.9612507	T137M(AA:1);T137I(AA:1);T137A(AA:2)	0	0	4	0	4	0	4
138	125	138	129					1.388080	0.382094	5.042651	0.298462	6.455646	0.949348	NaN	NaN	NaN	NaN	0.9612507	S138N(AA:5,CA:1);S138G(AA:1);N138S(AA:1);S138I(AA:1,AC:2)	2	1	8	0	9	2	11
141	128	141	132		Sa			0					0.124220	NaN	NaN	NaN	NaN	0.9612507	P141L(CC:2)	0	0	0	2	0	2	2
516	501	516	515					0.614828	0.081782	4.622213	0.055577	6.801631	0.770465	NaN	NaN	NaN	NaN	0.9612507	K516E(AA:1);E516K(AA:1,AC:1)	1	0	2	0	2	1	3
143	130	143	134					0					0.566226	NaN	NaN	NaN	NaN	0.9612507	H143Y(AC:1)	1	0	0	0	0	1	1
144	131	144	-	1			1	0.305882	0.079533	1.176411	0.061451	1.522584	0.325631	NaN	NaN	NaN	NaN	0.9612507	E144D(AC:1);D144E(AA:3,AC:2)	3	0	3	0	3	3	6
145	132	145	135	1	Ca2			0.307136	0.029924	3.152365	0.019159	4.923689	0.961251	NaN	NaN	NaN	NaN	0.9612507	S145T(CA:1);S145L(AC:1)	1	1	0	0	1	1	2
146	133	146	136	1			1	0.408213	0.115728	1.439905	0.090909	1.833007	0.467956	NaN	NaN	NaN	NaN	0.9612507	N146D(CC:1,AC:1);N146S(AA:1,CA:1);D146N(CC:1,CA:2)	1	3	1	2	4	3	7
147	-	147	137					0					0.124220	NaN	NaN	NaN	NaN	0.9612507	K147N(AC:1);K147R(AC:1)	2	0	0	0	0	2	2
149	135	149	139	1				InF					0.566226	NaN	NaN	NaN	NaN	0.9612507	V149I(AA:1)	0	0	1	0	1	0	1
151	137	151	141	1			1	InF					0.566226	NaN	NaN	NaN	NaN	0.9612507	A151V(AA:1)	0	0	1	0	1	0	1
154	140	154	144	1	Ca2		1	InF					0.327337	NaN	NaN	NaN	NaN	0.9612507	P154L(AA:2);P154S(AA:4)	0	0	6	0	6	0	6
155	141	155	146					1.232727	0.334451	4.543621	0.260523	5.832941	0.913247	NaN	NaN	NaN	NaN	0.9612507	H155Q(AA:4,CA:2,AC:1);H155R(AA:1,CA:1);H155Y(AC:1)	2	3	5	0	8	2	10
156	142	156	147				1	InF					0.770465	NaN	NaN	NaN	NaN	0.9612507	A156S(AA:1);A156D(CA:2)	0	2	1	0	3	0	3
158	144	158	149	1	Ca2		1	0.535649	0.190062	1.509617	0.155857	1.840918	0.530004	NaN	NaN	NaN	NaN	0.9612507	A158V(CA:1,AC:1);E158A(AA:1);A158T(AA:2,AC:2);A158E(AA:1,AC:1);A158S(AA:1,CA:1)	4	2	5	0	7	4	11
159	145	159	150	1	Ca2		1	0.408213	0.115728	1.439905	0.090909	1.833007	0.467956	NaN	NaN	NaN	NaN	0.9612507	K159R(AA:1,AC:3);R159K(AA:2,CA:1)	3	1	3	0	4	3	7
160	146	160	151	1				InF					0.770465	NaN	NaN	NaN	NaN	0.9612507	S160G(AA:2);G160S(AA:1)	0	0	3	0	3	0	3
163	149	163	154		Cb			InF					0.576728	NaN	NaN	NaN	NaN	0.9612507	K163E(CA:1);K163R(AA:2);E163K(CA:1)	0	2	2	0	4	0	4
166	152	166	157					InF					0.566226	NaN	NaN	NaN	NaN	0.9612507	I166V(AA:1)	0	0	1	0	1	0	1
169	155	169	160	1				0.614828	0.081782	4.622213	0.055577	6.801631	0.770465	NaN	NaN	NaN	NaN	0.9612507	V169I(AA:2);I169V(AC:1)	1	0	2	0	2	1	3
170	156	170	161	1	Sb		1	InF					0.566226	NaN	NaN	NaN	NaN	0.9612507	K170E(AA:1)	0	0	1	0	1	0	1
172	158	172	163	1			1	2.161671	0.371333	12.583920	0.265014	17.632356	0.742795	NaN	NaN	NaN	NaN	0.9612507	G172E(AA:6,CA:1,AC:1)	1	1	6	0	7	1	8
173	159	173	165	1	Sb		1	InF					0.433836	NaN	NaN	NaN	NaN	0.9612507	N173S(AA:2);N173K(AA:3)	0	0	5	0	5	0	5
174	160	174	167					0.614828	0.081782	4.622213	0.055577	6.801631	0.770465	NaN	NaN	NaN	NaN	0.9612507	S174T(AC:1);T174S(AA:1,CA:1)	1	1	1	0	2	1	3
29	22	29	12			1		InF					0.770465	NaN	NaN	NaN	NaN	0.9612507	P29S(AA:1);S29P(AA:1);T29S(AA:1)	0	0	3	0	3	0	3
176	162	176	169					InF					0.566226	NaN	NaN	NaN	NaN	0.9612507	P176L(AA:1)	0	0	1	0	1	0	1
177	163	177	171		Sa	1		0.614828	0.081782	4.622213	0.055577	6.801631	0.770465	NaN	NaN	NaN	NaN	0.9612507	K177R(CA:1,AC:1);K177N(CA:1)	1	2	0	0	2	1	3
178	164	178	172					0.307136	0.029924	3.152365	0.019159	4.923689	0.961251	NaN	NaN	NaN	NaN	0.9612507	L178I(CC:1,AA:1)	0	0	1	1	1	1	2
179	165	179	173		Sa	1	1	InF					0.247479	NaN	NaN	NaN	NaN	0.9612507	N179T(CA:2);S179R(AA:1);N179S(AA:1);S179N(AA:3)	0	2	5	0	7	0	7
180	166	180	174		Sa	1		0.612727	0.222599	1.686593	0.183366	2.047465	0.652239	NaN	NaN	NaN	NaN	0.9612507	Q180R(CC:1);K180T(AA:1,AC:1);Q180K(AA:1);K180N(AA:4,AC:1);I180T(AC:1);K180E(AA:1,CA:1)	3	1	7	1	8	4	12
181	167	181	175		Sa	1		1.231884	0.195255	7.772086	0.137220	11.059179	0.739896	NaN	NaN	NaN	NaN	0.9612507	S181F(AA:3,AC:1);S181T(AA:1)	1	0	4	0	4	1	5
183	169	183	177		Ca1			0.203737	0.045226	0.917800	0.033902	1.224392	0.198879	NaN	NaN	NaN	NaN	0.9612507	I183T(CC:2,AA:1,AC:1,CA:1)	1	1	1	2	2	3	5
185	171	185	179					0.306510	0.058973	1.593068	0.043012	2.184241	0.532026	NaN	NaN	NaN	NaN	0.9612507	D185N(AA:2,AC:2)	2	0	2	0	2	2	4
186	172	186	180					InF					0.566226	NaN	NaN	NaN	NaN	0.9612507	K186R(AA:1)	0	0	1	0	1	0	1
187	173	187	181		Ca1			0.922868	0.239959	3.549289	0.185403	4.593704	0.742795	NaN	NaN	NaN	NaN	0.9612507	G187E(AA:4,CC:1,CA:2,AC:1)	1	2	4	1	6	2	8
188	174	188	182					0.614828	0.081782	4.622213	0.055577	6.801631	0.770465	NaN	NaN	NaN	NaN	0.9612507	K188R(AA:2,AC:1)	1	0	2	0	2	1	3
189	175	189	183					0.152351	0.036522	0.635537	0.027782	0.835450	0.067808	NaN	NaN	NaN	NaN	0.9612507	E189K(AA:1,CC:1);K189E(CC:2,AC:1,CA:1)	1	1	1	3	2	4	6
190	176	190	184					1.541251	0.253523	9.369769	0.179439	13.238198	0.932843	NaN	NaN	NaN	NaN	0.9612507	I190V(AA:2,AC:1);V190I(AA:1,CA:2)	1	2	3	0	5	1	6
193	179	193	187					1.541251	0.253523	9.369769	0.179439	13.238198	0.932843	NaN	NaN	NaN	NaN	0.9612507	L193M(AA:3);I193L(AA:1,AC:1);L193I(AA:1)	1	0	5	0	5	1	6
195	181	195	189					0					0.001498	NaN	NaN	NaN	NaN	0.440476386	S195G(CC:2);G195A(CC:3)	0	0	0	5	0	5	5
196	182	196	190					InF					0.566226	NaN	NaN	NaN	NaN	0.9612507	I196V(AA:1)	0	0	1	0	1	0	1
197	183	197	191	1				0					0.566226	NaN	NaN	NaN	NaN	0.9612507	H197Y(CC:1)	0	0	0	1	0	1	1
199	185	199	192	1				1.541251	0.253523	9.369769	0.179439	13.238198	0.932843	NaN	NaN	NaN	NaN	0.9612507	P199Q(CC:1,AA:3);Q199P(CA:2)	0	2	3	1	5	1	6
200	186	200	193	1				0.550318	0.218601	1.385404	0.183177	1.653318	0.461601	NaN	NaN	NaN	NaN	0.9612507	P200S(AA:1,AC:2,CA:1);S200P(AA:4,CA:3,AC:3)	5	4	5	0	9	5	14
201	187	201	194	1			1	0.307136	0.029924	3.152365	0.019159	4.923689	0.961251	NaN	NaN	NaN	NaN	0.9612507	T201N(AA:1,AC:1)	1	0	1	0	1	1	2
202	188	202	195	1			1	InF					0.187367	NaN	NaN	NaN	NaN	0.9612507	T202A(AA:1);T202P(AA:2);T202N(AA:1,CA:1);T202I(AA:1);N202T(AA:2)	0	1	7	0	8	0	8
203	189	203	196	1	Sb			0.101777	0.015189	0.681987	0.010552	0.981683	0.096919	NaN	NaN	NaN	NaN	0.9612507	A203V(AC:1);A203T(CC:2,CA:1)	1	1	0	2	1	3	4
204	190	204	197	1	Sb			0.923077	0.137757	6.185311	0.095702	8.903391	0.576728	NaN	NaN	NaN	NaN	0.9612507	D204S(CC:1);D204N(AA:1,CA:2)	0	2	1	1	3	1	4
207	193	207	200	1	Sb		1	0.253098	0.092982	0.688933	0.076758	0.834553	0.056093	NaN	NaN	NaN	NaN	0.9612507	S207I(AA:2,CC:2,AC:2);I207T(AC:1);S207R(CC:1,AA:2);N207S(AA:1)	3	0	5	3	5	6	11
208	194	208	201	1				InF					0.961251	NaN	NaN	NaN	NaN	0.9612507	L208I(AA:2)	0	0	2	0	2	0	2
210	196	210	203	1	Sb		1	0.614828	0.081782	4.622213	0.055577	6.801631	0.770465	NaN	NaN	NaN	NaN	0.9612507	Q210H(AA:2,AC:1)	1	0	2	0	2	1	3
212	198	212	205		Sb		1	InF					0.141999	NaN	NaN	NaN	NaN	0.9612507	A212E(AA:1,CA:1);A212T(AA:3,CA:3);A212V(AA:1)	0	4	5	0	9	0	9
213	199	213	206					InF					0.770465	NaN	NaN	NaN	NaN	0.9612507	D213N(AA:1,CA:1);D213E(CA:1)	0	2	1	0	3	0	3
214	200	214	208					InF					0.566226	NaN	NaN	NaN	NaN	0.9612507	A214S(AA:1)	0	0	1	0	1	0	1
216	202	216	210					0.614130	0.147222	2.561828	0.111993	3.367664	0.932843	NaN	NaN	NaN	NaN	0.9612507	V216A(AA:2,CA:2,AC:2)	2	2	2	0	4	2	6
219	205	219	213					0					0.028278	NaN	NaN	NaN	NaN	0.9612507	E219G(AC:2);G219W(AC:1)	3	0	0	0	0	3	3
222	208	222	216					0.766240	0.343873	1.707386	0.294962	1.990507	0.775168	NaN	NaN	NaN	NaN	0.9612507	R222K(AA:11,CC:1,AC:5,CA:4)	5	4	11	1	15	6	21
225	211	225	219					InF					0.961251	NaN	NaN	NaN	NaN	0.9612507	K225R(AA:2)	0	0	2	0	2	0	2
226	212	226	220		Ca1			InF					0.576728	NaN	NaN	NaN	NaN	0.9612507	K226M(AA:2);K226E(AA:2)	0	0	4	0	4	0	4
227	213	227	221					InF					0.961251	NaN	NaN	NaN	NaN	0.9612507	F227V(AA:1);F227L(AA:1)	0	0	2	0	2	0	2
228	214	228	222					InF					0.566226	NaN	NaN	NaN	NaN	0.9612507	K228N(AA:1)	0	0	1	0	1	0	1
550	535	550	551					0.614828	0.081782	4.622213	0.055577	6.801631	0.770465	NaN	NaN	NaN	NaN	0.9612507	I550V(AA:2,AC:1)	1	0	2	0	2	1	3
232	218	232	226				1	0.390745	0.169475	0.900909	0.144423	1.057185	0.127727	NaN	NaN	NaN	NaN	0.9612507	A232V(CA:1);A232G(CC:4,CA:1);E232A(AA:1,AC:1);A232E(AA:3,AC:1);A232T(AA:2,AC:1,CA:1)	3	3	6	4	9	7	16
233	219	233	227	1				0.408213	0.115728	1.439905	0.090909	1.833007	0.467956	NaN	NaN	NaN	NaN	0.9612507	V233I(CA:1);T233I(AA:1,AC:1);I233M(AA:1);I233T(AA:1);I233V(AC:1);I233R(AC:1)	3	1	3	0	4	3	7
551	-	551	552					0.307136	0.029924	3.152365	0.019159	4.923689	0.961251	NaN	NaN	NaN	NaN	0.9612507	S551C(AA:1);S551G(AC:1)	1	0	1	0	1	1	2
237	223	237	231	1				0.460181	0.102154	2.073020	0.076574	2.765510	0.739896	NaN	NaN	NaN	NaN	0.9612507	V237M(AA:1,AC:2);V237L(AA:2)	2	0	3	0	3	2	5
238	224	238	232	1	Ca2			InF					0.566226	NaN	NaN	NaN	NaN	0.9612507	R238K(AA:1)	0	0	1	0	1	0	1
239	225	239	238	1	Ca2		1	3.319418	1.395003	7.898578	1.181631	9.324856	0.014444	NaN	NaN	NaN	NaN	0.9612507	G239D(CC:1,AA:7,AC:2);D239G(AA:19,CA:3);D239N(AA:8,CC:1);G239T(AA:1);D239T(AA:1);N239D(AA:1);D239Y(AA:2)	2	3	39	2	42	4	46
240	226	240	239	1			1	InF					0.566226	NaN	NaN	NaN	NaN	0.9612507	R240Q(AA:1)	0	0	1	0	1	0	1
241	227	241	240	1			1	0.306510	0.058973	1.593068	0.043012	2.184241	0.532026	NaN	NaN	NaN	NaN	0.9612507	E241G(CC:1,AA:1);G241E(CC:1,AA:1)	0	0	2	2	2	2	4
244	230	244	243					InF					0.566226	NaN	NaN	NaN	NaN	0.9612507	M244I(AA:1)	0	0	1	0	1	0	1
245	231	245	244					0.307136	0.029924	3.152365	0.019159	4.923689	0.961251	NaN	NaN	NaN	NaN	0.9612507	S245N(AC:1);N245K(AA:1)	1	0	1	0	1	1	2
247	233	247	246					0					0.124220	NaN	NaN	NaN	NaN	0.9612507	Y247H(CC:1);H247Y(CC:1)	0	0	0	2	0	2	2
249	235	249	248					InF					0.770465	NaN	NaN	NaN	NaN	0.9612507	T249A(AA:1);T249I(AA:1);I249T(AA:1)	0	0	3	0	3	0	3
251	237	251	250					0.768359	0.193285	3.054432	0.148397	3.978347	0.894181	NaN	NaN	NaN	NaN	0.9612507	I251L(AA:1);I251V(CC:1,AA:1);V251I(AA:3,AC:1)	1	0	5	1	5	2	7
252	238	252	251					0.510728	0.152957	1.705343	0.121423	2.148224	0.617563	NaN	NaN	NaN	NaN	0.9612507	E252K(AA:1);E252D(AA:3,CA:1,AC:1);E252G(CC:1,AC:1)	2	1	4	1	5	3	8
256	242	256	255		Ca1			InF					0.770465	NaN	NaN	NaN	NaN	0.9612507	K256R(AA:1,CA:2)	0	2	1	0	3	0	3
43	36	43	26					InF					0.961251	NaN	NaN	NaN	NaN	0.9612507	V43I(AA:1,CA:1)	0	1	1	0	2	0	2
261	247	261	260		Sa			InF					0.566226	NaN	NaN	NaN	NaN	0.9612507	A261S(AA:1)	0	0	1	0	1	0	1
265	251	265	264					InF					0.566226	NaN	NaN	NaN	NaN	0.9612507	L265I(CA:1)	0	1	0	0	1	0	1
267	253	267	266					InF					0.770465	NaN	NaN	NaN	NaN	0.9612507	V267A(AA:2);V267I(AA:1)	0	0	3	0	3	0	3
270	256	270	269		Cb			InF					0.961251	NaN	NaN	NaN	NaN	0.9612507	Y270H(CA:1);Y270F(AA:1)	0	1	1	0	2	0	2
273	259	273	272		Cb			0.203737	0.045226	0.917800	0.033902	1.224392	0.198879	NaN	NaN	NaN	NaN	0.9612507	T273I(CA:1);T273A(AA:1);A273T(CC:1,AC:2)	2	1	1	1	2	3	5
274	260	274	273		Cb			1.541251	0.253523	9.369769	0.179439	13.238198	0.932843	NaN	NaN	NaN	NaN	0.9612507	M274I(AA:1,CA:1);M274V(CC:1,AA:2,CA:1)	0	2	3	1	5	1	6
275	-	275	-					0.923077	0.137757	6.185311	0.095702	8.903391	0.576728	NaN	NaN	NaN	NaN	0.9612507	E275K(AA:2);E275G(CC:1);K275E(AA:1)	0	0	3	1	3	1	4
276	261	276	-		Cb			InF					0.770465	NaN	NaN	NaN	NaN	0.9612507	R276K(AA:2,CA:1)	0	1	2	0	3	0	3
277	262	277	274		Cb		1	0.923077	0.137757	6.185311	0.095702	8.903391	0.576728	NaN	NaN	NaN	NaN	0.9612507	N277S(CC:1,AA:1);N277K(AA:1);N277D(AA:1)	0	0	3	1	3	1	4
278	263	278	275		Cb			0.381913	0.126085	1.156822	0.101976	1.430312	0.303759	NaN	NaN	NaN	NaN	0.9612507	A278D(AA:1,AC:1);A278S(CC:1);A278T(CA:2,AC:1);A278V(AA:2,AC:1)	3	2	3	1	5	4	9
279	264	279	276		Cb			1.231884	0.195255	7.772086	0.137220	11.059179	0.739896	NaN	NaN	NaN	NaN	0.9612507	G279E(AA:2,CC:1,CA:2)	0	2	2	1	4	1	5
280	265	280	277		Cb			InF					0.566226	NaN	NaN	NaN	NaN	0.9612507	S280F(AA:1)	0	0	1	0	1	0	1
281	266	281	278					0					0.566226	NaN	NaN	NaN	NaN	0.9612507	G281S(AC:1)	1	0	0	0	0	1	1
283	268	283	280					1.851180	0.312263	10.974281	0.222082	15.430623	0.894181	NaN	NaN	NaN	NaN	0.9612507	I283V(AA:2,CA:1);V283I(CA:1);F283I(AA:1,AC:1);I283F(AA:1)	1	2	4	0	6	1	7
284	269	284	281				1	InF					0.566226	NaN	NaN	NaN	NaN	0.9612507	I284V(AA:1)	0	0	1	0	1	0	1
286	271	286	283		H1C			0.306510	0.058973	1.593068	0.043012	2.184241	0.532026	NaN	NaN	NaN	NaN	0.9612507	D286E(AA:1);E286D(AA:1);D286N(CC:2)	0	0	2	2	2	2	4
287	272	287	284		H1C			0.153117	0.020367	1.151120	0.013841	1.693886	0.320053	NaN	NaN	NaN	NaN	0.9612507	T287K(CC:1);T287A(AA:1,AC:1)	1	0	1	1	1	2	3
288	273	288	285		H1C		1	0.460181	0.102154	2.073020	0.076574	2.765510	0.739896	NaN	NaN	NaN	NaN	0.9612507	P288S(AA:3,CC:1,AC:1)	1	0	3	1	3	2	5
289	274	289	286		H1C			1.232727	0.334451	4.543621	0.260523	5.832941	0.913247	NaN	NaN	NaN	NaN	0.9612507	V289F(AA:1,AC:1);V289A(AA:3,CA:1,AC:1);V289I(AA:2,CA:1)	2	2	6	0	8	2	10
290	275	290	287		H1C			0.614130	0.147222	2.561828	0.111993	3.367664	0.932843	NaN	NaN	NaN	NaN	0.9612507	H290R(AA:1);H290Y(AA:1,AC:1);H290N(CC:1,AA:1);H290Q(CA:1)	1	1	3	1	4	2	6
291	276	291	288		H1C			0.510728	0.152957	1.705343	0.121423	2.148224	0.617563	NaN	NaN	NaN	NaN	0.9612507	D291G(AC:1);D291N(AA:5,CC:1,AC:1)	2	0	5	1	5	3	8
293	278	293	290		H1C	1		0					0.124220	NaN	NaN	NaN	NaN	0.9612507	D293N(CC:1);N293S(AC:1)	1	0	0	1	0	2	2
294	279	294	291		H1C	1	1	InF					0.566226	NaN	NaN	NaN	NaN	0.9612507	T294A(CA:1)	0	1	0	0	1	0	1
295	280	295	292		H1C	1		InF					0.566226	NaN	NaN	NaN	NaN	0.9612507	T295I(AA:1)	0	0	1	0	1	0	1
297	282	297	294					InF					0.566226	NaN	NaN	NaN	NaN	0.9612507	Q297H(AA:1)	0	0	1	0	1	0	1
299	284	299	296					InF					0.566226	NaN	NaN	NaN	NaN	0.9612507	P299S(AA:1)	0	0	1	0	1	0	1
300	285	300	297		H1C			0.488727	0.190266	1.255373	0.158820	1.503928	0.365389	NaN	NaN	NaN	NaN	0.9612507	E300K(AA:2,CC:2);K300E(AA:1);E300G(CC:2,AC:1);E300D(AA:4,CA:1)	1	1	7	4	8	5	13
302	287	302	299					InF					0.961251	NaN	NaN	NaN	NaN	0.9612507	A302S(CA:1);S302A(AA:1)	0	1	1	0	2	0	2
303	288	303	300					InF					0.327337	NaN	NaN	NaN	NaN	0.9612507	I303M(AA:2);I303V(AA:2,CA:1);V303I(AA:1)	0	1	5	0	6	0	6
304	289	304	301			1		0					0.566226	NaN	NaN	NaN	NaN	0.9612507	N304K(AC:1)	1	0	0	0	0	1	1
305	290	305	302			1		InF					0.566226	NaN	NaN	NaN	NaN	0.9612507	T305A(AA:1)	0	0	1	0	1	0	1
306	291	306	303			1		InF					0.566226	NaN	NaN	NaN	NaN	0.9612507	S306T(AA:1)	0	0	1	0	1	0	1
51	44	51	34					InF					0.566226	NaN	NaN	NaN	NaN	0.9612507	E51D(CA:1)	0	1	0	0	1	0	1
310	295	310	307					InF					0.566226	NaN	NaN	NaN	NaN	0.9612507	Q310R(AA:1)	0	0	1	0	1	0	1
311	296	311	308					InF					0.566226	NaN	NaN	NaN	NaN	0.9612507	N311S(AA:1)	0	0	1	0	1	0	1
564	548	564	565					0.614828	0.081782	4.622213	0.055577	6.801631	0.770465	NaN	NaN	NaN	NaN	0.9612507	K564I(AA:1);I564V(CA:1,AC:1)	1	1	1	0	2	1	3
314	299	314	312					InF					0.566226	NaN	NaN	NaN	NaN	0.9612507	P314Q(AA:1)	0	0	1	0	1	0	1
315	300	315	313					0.614828	0.081782	4.622213	0.055577	6.801631	0.770465	NaN	NaN	NaN	NaN	0.9612507	I315V(AA:1);I315T(AA:1,CC:1)	0	0	2	1	2	1	3
319	304	319	317					0.923077	0.137757	6.185311	0.095702	8.903391	0.576728	NaN	NaN	NaN	NaN	0.9612507	K319R(AA:1);N319K(AC:1);K319T(AA:1);K319N(CA:1)	1	1	2	0	3	1	4
323	308	323	321					InF					0.961251	NaN	NaN	NaN	NaN	0.9612507	Y323F(AA:2)	0	0	2	0	2	0	2
325	310	325	323					InF					0.576728	NaN	NaN	NaN	NaN	0.9612507	K325E(AA:1);E325K(CA:2);K325R(AA:1)	0	2	2	0	4	0	4
326	311	326	324					0					0.566226	NaN	NaN	NaN	NaN	0.9612507	S326G(AC:1)	1	0	0	0	0	1	1
327	312	327	-				1	InF					0.327337	NaN	NaN	NaN	NaN	0.9612507	T327K(AA:2);I327T(AA:2);T327A(AA:1);T327I(AA:1)	0	0	6	0	6	0	6
328	313	328	325					InF					0.961251	NaN	NaN	NaN	NaN	0.9612507	K328E(AA:2)	0	0	2	0	2	0	2
330	315	330	327					InF					0.961251	NaN	NaN	NaN	NaN	0.9612507	S330R(AA:1);R330K(AA:1)	0	0	2	0	2	0	2
332	317	332	329					0.306510	0.058973	1.593068	0.043012	2.184241	0.532026	NaN	NaN	NaN	NaN	0.9612507	A332V(AA:1,CC:1,CA:1);V332A(AC:1)	1	1	1	1	2	2	4
338	323	338	335					2.012329	0.574445	7.049355	0.451848	8.962018	0.512514	NaN	NaN	NaN	NaN	0.9612507	I338V(AA:1,AC:1);A338V(AA:4);V338I(AA:7,CC:1);V338A(CA:1)	1	1	12	1	13	2	15
339	324	339	336					InF					0.566226	NaN	NaN	NaN	NaN	0.9612507	P339L(AA:1)	0	0	1	0	1	0	1
341	326	341	341					InF					0.961251	NaN	NaN	NaN	NaN	0.9612507	I341V(AA:2)	0	0	2	0	2	0	2
344	329	344	344					InF					0.961251	NaN	NaN	NaN	NaN	0.9612507	R344K(AA:2)	0	0	2	0	2	0	2
346	331	346	346					0					0.566226	NaN	NaN	NaN	NaN	0.9612507	L346I(CC:1)	0	0	0	1	0	1	1
347	332	347	347					InF					0.566226	NaN	NaN	NaN	NaN	0.9612507	F347L(AA:1)	0	0	1	0	1	0	1
349	334	349	349					InF					0.566226	NaN	NaN	NaN	NaN	0.9612507	A349S(AA:1)	0	0	1	0	1	0	1
350	335	350	350					InF					0.566226	NaN	NaN	NaN	NaN	0.9612507	I350V(AA:1)	0	0	1	0	1	0	1
485	470	485	485					InF					0.566226	NaN	NaN	NaN	NaN	0.9612507	Y485H(AA:1)	0	0	1	0	1	0	1
506	491	506	506					InF					0.961251	NaN	NaN	NaN	NaN	0.9612507	Y506F(AA:1,CA:1)	0	1	1	0	2	0	2
142	129	142	133		Sa		1	InF					0.961251	NaN	NaN	NaN	NaN	0.9612507	N142S(AA:1);N142D(AA:1)	0	0	2	0	2	0	2
362	347	362	362					1.231884	0.195255	7.772086	0.137220	11.059179	0.739896	NaN	NaN	NaN	NaN	0.9612507	L362V(AA:4);V362I(AC:1)	1	0	4	0	4	1	5
363	348	363	363					InF					0.961251	NaN	NaN	NaN	NaN	0.9612507	D363Y(AA:1);D363E(AA:1)	0	0	2	0	2	0	2
366	351	366	366					InF					0.566226	NaN	NaN	NaN	NaN	0.9612507	Y366F(AA:1)	0	0	1	0	1	0	1
368	353	368	368					InF					0.566226	NaN	NaN	NaN	NaN	0.9612507	Y368F(AA:1)	0	0	1	0	1	0	1
369	354	369	369					InF					0.961251	NaN	NaN	NaN	NaN	0.9612507	H369Y(AA:1);H369R(CA:1)	0	1	1	0	2	0	2
370	355	370	370					InF					0.566226	NaN	NaN	NaN	NaN	0.9612507	H370L(AA:1)	0	0	1	0	1	0	1
371	356	371	371					0.307136	0.029924	3.152365	0.019159	4.923689	0.961251	NaN	NaN	NaN	NaN	0.9612507	Q371K(AA:1);Q371R(AC:1)	1	0	1	0	1	1	2
373	358	373	373					InF					0.576728	NaN	NaN	NaN	NaN	0.9612507	E373G(AA:1,CA:2);E373D(AA:1)	0	2	2	0	4	0	4
378	363	378	378					0.307136	0.029924	3.152365	0.019159	4.923689	0.961251	NaN	NaN	NaN	NaN	0.9612507	Y378H(AA:1,AC:1)	1	0	1	0	1	1	2
382	367	382	382					0.203737	0.045226	0.917800	0.033902	1.224392	0.198879	NaN	NaN	NaN	NaN	0.9612507	L382Q(CC:1,AA:1,AC:1);Q382L(CC:1,CA:1)	1	1	1	2	2	3	5
383	368	383	383					0.614828	0.081782	4.622213	0.055577	6.801631	0.770465	NaN	NaN	NaN	NaN	0.9612507	K383E(AA:1);K383R(CC:1,AA:1)	0	0	2	1	2	1	3
387	372	387	387					InF					0.961251	NaN	NaN	NaN	NaN	0.9612507	N387D(AA:1);N387S(AA:1)	0	0	2	0	2	0	2
388	373	388	388					0.101777	0.015189	0.681987	0.010552	0.981683	0.096919	NaN	NaN	NaN	NaN	0.9612507	A388V(AA:1,CC:1,AC:2)	2	0	1	1	1	3	4
389	374	389	389					0.203737	0.045226	0.917800	0.033902	1.224392	0.198879	NaN	NaN	NaN	NaN	0.9612507	I389V(AA:1,AC:2,CA:1);I389N(AC:1)	3	1	1	0	2	3	5
390	375	390	390					InF					0.566226	NaN	NaN	NaN	NaN	0.9612507	D390N(AA:1)	0	0	1	0	1	0	1
391	376	391	391					0.307136	0.029924	3.152365	0.019159	4.923689	0.961251	NaN	NaN	NaN	NaN	0.9612507	K391R(AA:1,CC:1)	0	0	1	1	1	1	2
394	379	394	394					InF					0.566226	NaN	NaN	NaN	NaN	0.9612507	N394D(AA:1)	0	0	1	0	1	0	1
395	380	395	395					InF					0.566226	NaN	NaN	NaN	NaN	0.9612507	K395R(AA:1)	0	0	1	0	1	0	1
396	381	396	396					InF					0.770465	NaN	NaN	NaN	NaN	0.9612507	A396V(CA:1);V396I(AA:2)	0	1	2	0	3	0	3
399	384	399	399					InF					0.566226	NaN	NaN	NaN	NaN	0.9612507	V399I(CA:1)	0	1	0	0	1	0	1
400	385	400	400					InF					0.566226	NaN	NaN	NaN	NaN	0.9612507	I400T(AA:1)	0	0	1	0	1	0	1
401	386	401	401					InF					0.770465	NaN	NaN	NaN	NaN	0.9612507	E401G(AA:1);E401D(AA:2)	0	0	3	0	3	0	3
405	390	405	405					InF					0.961251	NaN	NaN	NaN	NaN	0.9612507	T405I(AA:1);T405A(AA:1)	0	0	2	0	2	0	2
406	391	406	406					InF					0.566226	NaN	NaN	NaN	NaN	0.9612507	H406Q(AA:1)	0	0	1	0	1	0	1
408	393	408	408					0					0.566226	NaN	NaN	NaN	NaN	0.9612507	T408I(CC:1)	0	0	0	1	0	1	1
409	394	409	409					InF					0.566226	NaN	NaN	NaN	NaN	0.9612507	A409S(AA:1)	0	0	1	0	1	0	1
542	527	542	543					0.614828	0.081782	4.622213	0.055577	6.801631	0.770465	NaN	NaN	NaN	NaN	0.9612507	V542I(AA:2,AC:1)	1	0	2	0	2	1	3
411	396	411	411					InF					0.770465	NaN	NaN	NaN	NaN	0.9612507	G411S(AA:2);G411D(AA:1)	0	0	3	0	3	0	3
412	397	412	412					InF					0.566226	NaN	NaN	NaN	NaN	0.9612507	K412T(AA:1)	0	0	1	0	1	0	1
410	395	410	410					0.307136	0.029924	3.152365	0.019159	4.923689	0.961251	NaN	NaN	NaN	NaN	0.9612507	V410M(AC:1);V410A(CA:1)	1	1	0	0	1	1	2
415	400	415	415					0					0.124220	NaN	NaN	NaN	NaN	0.9612507	N415I(AC:1);N415D(AC:1)	2	0	0	0	0	2	2
416	401	416	416					0.307136	0.029924	3.152365	0.019159	4.923689	0.961251	NaN	NaN	NaN	NaN	0.9612507	H416R(AA:1);H416Y(AC:1)	1	0	1	0	1	1	2
418	403	418	418					0.614828	0.081782	4.622213	0.055577	6.801631	0.770465	NaN	NaN	NaN	NaN	0.9612507	E418D(AA:2,AC:1)	1	0	2	0	2	1	3
420	405	420	420					0.614828	0.081782	4.622213	0.055577	6.801631	0.770465	NaN	NaN	NaN	NaN	0.9612507	R420S(AC:1);R420G(AA:2)	1	0	2	0	2	1	3
421	406	421	421					0					0.566226	NaN	NaN	NaN	NaN	0.9612507	I421L(AC:1)	1	0	0	0	0	1	1
555	539	555	556					0					0.566226	NaN	NaN	NaN	NaN	0.9612507	C555F(AC:1)	1	0	0	0	0	1	1
31	24	31	14					InF					0.566226	NaN	NaN	NaN	NaN	0.9612507	D31E(AA:1)	0	0	1	0	1	0	1
425	410	425	425					InF					0.566226	NaN	NaN	NaN	NaN	0.9612507	N425D(AA:1)	0	0	1	0	1	0	1
426	411	426	426					InF					0.566226	NaN	NaN	NaN	NaN	0.9612507	K426R(AA:1)	0	0	1	0	1	0	1
428	413	428	428					InF					0.961251	NaN	NaN	NaN	NaN	0.9612507	V428I(AA:1,CA:1)	0	1	1	0	2	0	2
73	65	73	61					0					0.566226	NaN	NaN	NaN	NaN	0.9612507	N73S(CC:1)	0	0	0	1	0	1	1
443	428	443	443					InF					0.566226	NaN	NaN	NaN	NaN	0.9612507	L443S(AA:1)	0	0	1	0	1	0	1
444	429	444	444					InF					0.770465	NaN	NaN	NaN	NaN	0.9612507	V444I(AA:2,CA:1)	0	1	2	0	3	0	3
450	435	450	450					InF					0.566226	NaN	NaN	NaN	NaN	0.9612507	R450K(AA:1)	0	0	1	0	1	0	1
451	436	451	451					0.243478	0.080381	0.737508	0.065011	0.911867	0.084255	NaN	NaN	NaN	NaN	0.9612507	T451N(AA:3);A451T(AC:1);N451T(AC:1);T451I(CC:3,AA:1)	2	0	4	3	4	5	9
453	438	453	453					0					0.566226	NaN	NaN	NaN	NaN	0.9612507	D453E(AC:1)	1	0	0	0	0	1	1
456	441	456	456					InF					0.770465	NaN	NaN	NaN	NaN	0.9612507	D456N(AA:1);D456V(AA:1);D456E(AA:1)	0	0	3	0	3	0	3
459	444	459	459					InF					0.770465	NaN	NaN	NaN	NaN	0.9612507	V459M(AA:2,CA:1)	0	1	2	0	3	0	3
460	445	460	460					InF					0.566226	NaN	NaN	NaN	NaN	0.9612507	K460E(AA:1)	0	0	1	0	1	0	1
461	446	461	461					0					0.124220	NaN	NaN	NaN	NaN	0.9612507	N461S(AC:2)	2	0	0	0	0	2	2
463	448	463	463					0.614828	0.081782	4.622213	0.055577	6.801631	0.770465	NaN	NaN	NaN	NaN	0.9612507	H463Y(AA:1);Y463H(AA:1,AC:1)	1	0	2	0	2	1	3
464	449	464	464					InF					0.566226	NaN	NaN	NaN	NaN	0.9612507	E464G(AA:1)	0	0	1	0	1	0	1
465	450	465	465					0.614828	0.081782	4.622213	0.055577	6.801631	0.770465	NaN	NaN	NaN	NaN	0.9612507	K465R(AA:1,CA:1);N465K(AC:1)	1	1	1	0	2	1	3
466	451	466	466					0.614828	0.081782	4.622213	0.055577	6.801631	0.770465	NaN	NaN	NaN	NaN	0.9612507	V466I(AA:1,CC:1,CA:1)	0	1	1	1	2	1	3
468	453	468	468					0.614130	0.147222	2.561828	0.111993	3.367664	0.932843	NaN	NaN	NaN	NaN	0.9612507	N468S(CC:1,AC:1);N468K(AA:2);N468T(AA:1,CA:1)	1	1	3	1	4	2	6
469	454	469	469					0					0.566226	NaN	NaN	NaN	NaN	0.9612507	Q469R(CC:1)	0	0	0	1	0	1	1
544	529	544	545				1	1.231884	0.195255	7.772086	0.137220	11.059179	0.739896	NaN	NaN	NaN	NaN	0.9612507	V544I(AA:2,CA:1,AC:1);V544A(AA:1)	1	1	3	0	4	1	5
472	457	472	472					0.460181	0.102154	2.073020	0.076574	2.765510	0.739896	NaN	NaN	NaN	NaN	0.9612507	N472R(AC:1);N472S(AA:1);N472D(CC:1);N472T(AA:2)	1	0	3	1	3	2	5
527	512	527	528					0.182443	0.054639	0.609197	0.043374	0.767410	0.046583	NaN	NaN	NaN	NaN	0.9612507	I527T(AA:1);I527V(AA:2,CC:1,AC:4)	4	0	3	1	3	5	8
475	460	475	475					1.541251	0.253523	9.369769	0.179439	13.238198	0.932843	NaN	NaN	NaN	NaN	0.9612507	K475R(AC:1);E475K(AA:1);K475M(AA:3);K475E(AA:1)	1	0	5	0	5	1	6
477	462	477	477					0.408213	0.115728	1.439905	0.090909	1.833007	0.467956	NaN	NaN	NaN	NaN	0.9612507	I477V(AC:1);T477I(AA:1);V477I(AC:1);I477T(AA:3,AC:1)	3	0	4	0	4	3	7
479	464	479	479					0.307136	0.029924	3.152365	0.019159	4.923689	0.961251	NaN	NaN	NaN	NaN	0.9612507	N479K(AA:1);D479N(AC:1)	1	0	1	0	1	1	2
480	465	480	480					0					0.124220	NaN	NaN	NaN	NaN	0.9612507	G480S(AC:2)	2	0	0	0	0	2	2
502	487	502	502					0.768359	0.193285	3.054432	0.148397	3.978347	0.894181	NaN	NaN	NaN	NaN	0.9612507	D502E(AA:1,AC:1);D502N(AA:3,AC:1);D502G(AA:1)	2	0	5	0	5	2	7
422	407	422	422					0					0.566226	NaN	NaN	NaN	NaN	0.9612507	E422D(AC:1)	1	0	0	0	0	1	1
487	472	487	487					InF					0.566226	NaN	NaN	NaN	NaN	0.9612507	K487R(AA:1)	0	0	1	0	1	0	1
489	474	489	489			1	1	0.614828	0.081782	4.622213	0.055577	6.801631	0.770465	NaN	NaN	NaN	NaN	0.9612507	D489N(AA:1,CA:1,AC:1)	1	1	1	0	2	1	3
490	475	490	490					0.305882	0.079533	1.176411	0.061451	1.522584	0.325631	NaN	NaN	NaN	NaN	0.9612507	N490D(CC:2,AA:1,AC:1);D490N(AA:2)	1	0	3	2	3	3	6
491	476	491	491				1	1.851180	0.312263	10.974281	0.222082	15.430623	0.894181	NaN	NaN	NaN	NaN	0.9612507	T491K(AA:1);T491M(AA:4,AC:1,CA:1)	1	1	5	0	6	1	7
494	479	494	494					0.307136	0.029924	3.152365	0.019159	4.923689	0.961251	NaN	NaN	NaN	NaN	0.9612507	E494K(CC:1);E494D(AA:1)	0	0	1	1	1	1	2
495	480	495	495					InF					0.961251	NaN	NaN	NaN	NaN	0.9612507	S495N(CA:1);S495G(AA:1)	0	1	1	0	2	0	2
496	481	496	496					1.231884	0.195255	7.772086	0.137220	11.059179	0.739896	NaN	NaN	NaN	NaN	0.9612507	V496I(AA:4,CC:1)	0	0	4	1	4	1	5
499	484	499	499			1		0.614130	0.147222	2.561828	0.111993	3.367664	0.932843	NaN	NaN	NaN	NaN	0.9612507	G499E(AA:4,CC:1,AC:1)	1	0	4	1	4	2	6
500	485	500	500			1		0					0.124220	NaN	NaN	NaN	NaN	0.9612507	T500S(CC:1);T500A(AC:1)	1	0	0	1	0	2	2
528	513	528	529					InF					0.566226	NaN	NaN	NaN	NaN	0.9612507	Y528F(AA:1)	0	0	1	0	1	0	1
529	514	529	530					InF					0.566226	NaN	NaN	NaN	NaN	0.9612507	Q529K(AA:1)	0	0	1	0	1	0	1
507	492	507	507					InF					0.566226	NaN	NaN	NaN	NaN	0.9612507	T507S(CA:1)	0	1	0	0	1	0	1
508	493	508	508					1.851180	0.312263	10.974281	0.222082	15.430623	0.894181	NaN	NaN	NaN	NaN	0.9612507	G508E(AA:1);K508E(AA:5,AC:1)	1	0	6	0	6	1	7
510	495	510	510					0.614130	0.147222	2.561828	0.111993	3.367664	0.932843	NaN	NaN	NaN	NaN	0.9612507	A510T(CA:1);A510S(AA:2,CA:1,AC:2)	2	2	2	0	4	2	6
85	77	85	73					InF					0.961251	NaN	NaN	NaN	NaN	0.9612507	E85D(AA:1);E85G(AA:1)	0	0	2	0	2	0	2
